0.00000000	0.00000000	0.00000000	0.00000000	0.00000000	0.00000000	0.28279568	0.00000000	0.42245019	0.00000000	-0.00000000	0.00000000	0.25843802	0.00000000	0.00000000	0.00000000	1.00008270
0.00567025	0.74622918	0.74622500	0.31262183	0.00659162	0.19193122	0.23460157	0.02344312	0.41671409	-0.00048944	0.00013677	-0.00000067	0.23003586	-0.00033547	0.00002320	0.00000007	0.99963059
0.01173527	1.54441200	1.54287960	0.64206589	0.02503140	0.36155570	0.19425185	0.04844183	0.41252447	-0.00449122	0.00057860	-0.00000576	0.21251838	-0.00599701	0.00040207	0.00000319	0.99563025
0.01818248	2.39289330	2.38319030	0.98298378	0.05318391	0.50907163	0.16222227	0.07425991	0.40252462	-0.01666482	0.00137529	-0.00002017	0.19739136	-0.03123097	0.00198722	0.00002243	0.98345892
0.02499989	3.29009330	3.25539140	1.32286320	0.08889296	0.63577269	0.14153830	0.09964877	0.38403152	-0.04149163	0.00255504	-0.00004868	0.18174652	-0.09225205	0.00575563	0.00006518	0.95863631
0.03217602	4.23450320	4.14292260	1.64563300	0.13020441	0.74385629	0.13340835	0.12326580	0.35942407	-0.08147361	0.00407980	-0.00009481	0.16674768	-0.19194578	0.01232966	0.00007936	0.91865609
0.03969994	5.22468340	5.02639070	1.93638750	0.17547127	0.83612615	0.13525036	0.14406512	0.33393937	-0.13618419	0.00581252	-0.00015904	0.15502088	-0.31218784	0.02174650	-0.00010914	0.86395160
0.04756117	6.25925520	5.88645800	2.18502440	0.22336631	0.91546138	0.14244978	0.16145987	0.31212383	-0.20256000	0.00754344	-0.00023770	0.14788563	-0.42125332	0.03346625	-0.00081899	0.79758042
0.05574967	7.33689750	6.70653130	2.38730290	0.27283969	0.98442248	0.15122667	0.17529929	0.29573705	-0.27604336	0.00906585	-0.00032428	0.14466756	-0.48872714	0.04659205	-0.00246672	0.72410345
0.06425579	8.45633890	7.47443960	2.54400840	0.32305631	1.04500610	0.15952827	0.18575418	0.28405643	-0.35185477	0.01024394	-0.00041177	0.14367996	-0.49675750	0.06010090	-0.00545869	0.64829403
0.07307023	9.61635670	8.18293270	2.65926010	0.37333626	1.09864050	0.16651789	0.19318643	0.27530064	-0.42592981	0.01103759	-0.00049450	0.14327557	-0.44288897	0.07308622	-0.01006523	0.57422155
0.08218405	10.81577500	8.82923170	2.73883910	0.42311121	1.14627110	0.17201085	0.19803968	0.26787747	-0.49535933	0.01149174	-0.00056883	0.14239717	-0.33651248	0.08486820	-0.01632312	0.50479127
0.09158863	12.05345900	9.41406470	2.78894650	0.47189922	1.18853070	0.17609150	0.20076363	0.26081325	-0.55843040	0.01170961	-0.00063339	0.14058782	-0.19307043	0.09505170	-0.02399939	0.44171829
0.10127564	13.32831200	9.94056060	2.81543730	0.51929501	1.22587260	0.17893534	0.20176992	0.25368728	-0.61442366	0.01182145	-0.00068922	0.13779980	-0.02904321	0.10348582	-0.03261980	0.38571883
0.11123701	14.63927000	10.41325700	2.82345690	0.56496765	1.25867320	0.18072611	0.20141287	0.24641057	-0.66333091	0.01195194	-0.00073888	0.13418596	0.14115573	0.11021101	-0.04154627	0.33680265
0.12146490	15.98530400	10.83732700	2.81733070	0.60865996	1.28728420	0.18163646	0.19998646	0.23903786	-0.70558056	0.01219515	-0.00078498	0.12996097	0.30650618	0.11539499	-0.05007354	0.29453979
0.13195172	17.36541600	11.21805100	2.80059990	0.65018585	1.31205390	0.18181929	0.19773039	0.23165078	-0.74182813	0.01260443	-0.00082880	0.12532495	0.45947532	0.11928543	-0.05752251	0.25827640
0.14269011	18.77863400	11.56048700	2.77610980	0.68942471	1.33333400	0.18140349	0.19483894	0.22432227	-0.77280644	0.01319281	-0.00086991	0.12044195	0.59553192	0.12216366	-0.06331514	0.22727781
0.15367288	20.22401300	11.86929400	2.74612090	0.72631344	1.35147370	0.18049410	0.19146999	0.21710846	-0.79924072	0.01393858	-0.00090631	0.11543876	0.71247037	0.12430519	-0.06702210	0.20082035
0.16489302	21.70063300	12.14865700	2.71241550	0.76083756	1.36680770	0.17918053	0.18775265	0.21004655	-0.82180020	0.01479248	-0.00093533	0.11041102	0.80976321	0.12595858	-0.06838053	0.17823334
0.17634370	23.20759200	12.40227400	2.67639540	0.79302246	1.37965240	0.17754011	0.18379338	0.20315967	-0.84107742	0.01568379	-0.00095521	0.10542997	0.88798814	0.12734008	-0.06729094	0.15892566
0.18801823	24.74401000	12.63338100	2.63915340	0.82292447	1.39030380	0.17563474	0.17968041	0.19646859	-0.85757970	0.01653329	-0.00096648	0.10054913	0.94840070	0.12862410	-0.06380094	0.14238919
0.19991007	26.30902800	12.84480200	2.60153300	0.85062229	1.39903260	0.17351541	0.17548618	0.19000104	-0.87173612	0.01727398	-0.00097206	0.09581267	0.99263714	0.12993441	-0.05807926	0.12819595
0.21201282	27.90180200	13.03899500	2.56417830	0.87621050	1.40608160	0.17122731	0.17126941	0.18378073	-0.88390769	0.01787115	-0.00097611	0.09125467	1.02251800	0.13134739	-0.05038240	0.11598440
0.22432020	29.52150500	13.21809300	2.52757430	0.89979553	1.41166730	0.16880792	0.16707829	0.17782774	-0.89439989	0.01832165	-0.00098186	0.08689864	1.03989150	0.13290155	-0.04102334	0.10545004
0.23682601	31.16732400	13.38394600	2.49207520	0.92149173	1.41598180	0.16628620	0.16295264	0.17215389	-0.90346977	0.01863256	-0.00099009	0.08275715	1.04654120	0.13459994	-0.03034714	0.09633559
0.24952418	32.83845900	13.53815600	2.45792750	0.94141746	1.41918910	0.16369184	0.15892411	0.16676054	-0.91133297	0.01880816	-0.00099926	0.07883670	1.04413120	0.13641474	-0.01870469	0.08842636
0.26240873	34.53412100	13.68211400	2.42528810	0.95969252	1.42142390	0.16105574	0.15501693	0.16165147	-0.91816810	0.01885213	-0.00100770	0.07514223	1.03418980	0.13830518	-0.00642784	0.08154364
0.27547377	36.25353700	13.81703200	2.39424550	0.97643603	1.42279720	0.15840354	0.15124875	0.15683981	-0.92412340	0.01877014	-0.00101490	0.07167670	1.01811500	0.14022955	0.00618302	0.07553986
0.28871348	37.99594000	13.94396700	2.36484580	0.99176351	1.42340510	0.15575390	0.14763121	0.15233180	-0.92932421	0.01856636	-0.00102059	0.06843676	0.99717659	0.14214501	0.01886017	0.07028966
0.30212214	39.76057600	14.06384400	2.33710840	1.00578430	1.42333460	0.15312368	0.14417145	0.14811426	-0.93387885	0.01824544	-0.00102411	0.06541200	0.97248261	0.14400372	0.03136588	0.06568512
0.31569405	41.54669900	14.17746500	2.31102530	1.01859990	1.42266490	0.15052762	0.14087348	0.14417086	-0.93787971	0.01782536	-0.00102527	0.06259097	0.94496428	0.14575376	0.04349169	0.06163374
0.32942363	43.35357100	14.28552500	2.28656090	1.03030270	1.42147030	0.14797945	0.13773817	0.14049719	-0.94140575	0.01734272	-0.00102503	0.05996637	0.91540858	0.14734573	0.05506366	0.05805672
0.34330532	45.18046100	14.38862900	2.26366370	1.04097700	1.41982200	0.14548823	0.13476348	0.13708285	-0.94452547	0.01684052	-0.00102455	0.05752838	0.88448208	0.14874305	0.06594470	0.05488542
0.35733363	47.02664700	14.48729800	2.24227540	1.05070000	1.41779330	0.14305528	0.13194558	0.13390420	-0.94729710	0.01635281	-0.00102420	0.05526202	0.85272464	0.14991895	0.07603009	0.05206177
0.37150315	48.89141600	14.58198000	2.22232950	1.05954440	1.41545660	0.14067723	0.12927931	0.13094064	-0.94976900	0.01590044	-0.00102396	0.05315266	0.82057104	0.15084554	0.08524180	0.04953743
0.38580847	50.77405900	14.67306800	2.20375600	1.06758020	1.41287570	0.13835373	0.12675861	0.12817288	-0.95198208	0.01549992	-0.00102475	0.05118735	0.78837667	0.15148815	0.09352715	0.04727173
0.40024428	52.67387300	14.76090000	2.18648230	1.07487580	1.41009850	0.13609250	0.12437690	0.12557942	-0.95397081	0.01516727	-0.00102741	0.04935480	0.75641692	0.15181202	0.10085763	0.04523019
0.41480529	54.59016500	14.84577400	2.17043020	1.08149830	1.40715800	0.13390330	0.12212742	0.12314947	-0.95576378	0.01490567	-0.00103023	0.04764667	0.72489777	0.15179427	0.10722370	0.04338429
0.42948628	56.52224600	14.92795000	2.15551840	1.08751160	1.40408010	0.13179305	0.12000349	0.12087674	-0.95738599	0.01469737	-0.00102994	0.04605537	0.69398248	0.15142670	0.11262872	0.04170892
0.44428206	58.46943500	15.00765300	2.14167150	1.09297480	1.40089060	0.12976514	0.11799891	0.11874476	-0.95886010	0.01451581	-0.00102491	0.04457130	0.66378792	0.15071137	0.11708833	0.04018140
0.45918749	60.43105500	15.08508200	2.12881830	1.09794130	1.39761610	0.12781696	0.11610805	0.11674195	-0.96020392	0.01435171	-0.00101600	0.04318576	0.63438658	0.14964950	0.12063095	0.03878383
0.47419752	62.40643800	15.16041100	2.11689160	1.10245910	1.39427750	0.12594660	0.11432525	0.11486305	-0.96142973	0.01421977	-0.00100454	0.04189246	0.60582550	0.14823956	0.12329761	0.03750406
0.48930710	64.39492500	15.23380300	2.10582690	1.10657150	1.39088880	0.12415601	0.11264490	0.11310470	-0.96254890	0.01413120	-0.00099080	0.04068675	0.57813938	0.14648900	0.12513826	0.03633100
0.50451127	66.39585900	15.30540400	2.09556300	1.11031740	1.38746420	0.12244629	0.11106195	0.11145757	-0.96357423	0.01408368	-0.00097468	0.03956277	0.55134464	0.14441688	0.12620558	0.03525237
0.51980511	68.40859500	15.37534200	2.08604030	1.11373160	1.38402500	0.12081504	0.10957161	0.10991598	-0.96451627	0.01407735	-0.00095648	0.03851496	0.52543467	0.14204334	0.12655128	0.03425808
0.53518379	70.43249500	15.44373500	2.07719900	1.11684540	1.38059420	0.11925939	0.10816879	0.10847602	-0.96538333	0.01412148	-0.00093756	0.03753829	0.50039400	0.13937837	0.12622376	0.03334036
0.55064253	72.46693200	15.51069000	2.06898080	1.11968610	1.37719160	0.11777950	0.10684829	0.10712804	-0.96618258	0.01422284	-0.00091890	0.03662786	0.47619994	0.13642654	0.12526858	0.03249233
0.56617664	74.51128700	15.57630300	2.06132940	1.12227860	1.37383380	0.11637241	0.10560537	0.10586638	-0.96692015	0.01438097	-0.00089971	0.03577921	0.45282816	0.13319388	0.12372997	0.03170829
0.58178147	76.56495100	15.64066600	2.05419450	1.12464560	1.37053470	0.11503376	0.10443607	0.10468441	-0.96760140	0.01459462	-0.00087916	0.03498769	0.43025463	0.12969257	0.12165222	0.03098319
0.59745249	78.62732500	15.70386500	2.04753450	1.12680890	1.36730760	0.11376556	0.10333651	0.10357856	-0.96823018	0.01486861	-0.00085817	0.03425038	0.40844718	0.12594283	0.11907851	0.03031362
0.61318525	80.69782300	15.76598100	2.04131300	1.12878840	1.36416830	0.11256821	0.10230276	0.10254530	-0.96880989	0.01521070	-0.00083826	0.03356403	0.38736834	0.12196944	0.11604992	0.02969652
0.62897537	82.77587100	15.82709300	2.03549640	1.13060180	1.36113590	0.11143708	0.10133142	0.10157902	-0.96934515	0.01562004	-0.00082079	0.03292469	0.36697807	0.11779570	0.11260945	0.02912759
0.64481861	84.86091000	15.88726900	2.03005290	1.13226510	1.35822600	0.11036925	0.10041956	0.10067680	-0.96984099	0.01608352	-0.00080705	0.03232956	0.34724087	0.11344050	0.10880401	0.02860192
0.66071083	86.95239400	15.94657400	2.02495730	1.13379290	1.35544500	0.10936529	0.09956449	0.09983620	-0.97030149	0.01657755	-0.00079772	0.03177661	0.32812415	0.10891974	0.10468248	0.02811550
0.67664802	89.04979700	16.00506500	2.02019240	1.13519790	1.35279170	0.10842497	0.09876388	0.09905321	-0.97072969	0.01707749	-0.00079234	0.03126345	0.30959068	0.10424801	0.10029282	0.02766525
0.69262627	91.15260400	16.06279600	2.01574650	1.13649110	1.35025960	0.10754500	0.09801559	0.09832239	-0.97112805	0.01756594	-0.00079042	0.03078707	0.29159479	0.09943796	0.09567986	0.02724858
0.70864181	93.26031900	16.11981700	2.01161000	1.13768210	1.34784170	0.10672103	0.09731734	0.09764023	-0.97149830	0.01803105	-0.00079221	0.03034509	0.27408690	0.09450827	0.09088546	0.02686350
0.72469103	95.37246500	16.17617600	2.00777300	1.13877920	1.34553730	0.10594799	0.09666684	0.09700420	-0.97184209	0.01846488	-0.00079773	0.02993524	0.25702210	0.08948496	0.08595040	0.02650806
0.74077043	97.48858400	16.23191900	2.00422660	1.13979080	1.34335260	0.10522309	0.09606204	0.09641410	-0.97216119	0.01885844	-0.00080645	0.02955574	0.24036015	0.08439235	0.08091232	0.02618021
0.75687671	99.60823900	16.28708700	2.00096390	1.14072490	1.34129660	0.10454896	0.09550087	0.09587174	-0.97245651	0.01919603	-0.00081858	0.02920587	0.22406321	0.07924876	0.07580086	0.02587874
0.77300672	101.73102000	16.34172500	1.99798080	1.14158740	1.33937880	0.10392776	0.09498118	0.09537417	-0.97272866	0.01945465	-0.00083415	0.02888418	0.20810366	0.07406890	0.07063767	0.02560290
0.78915748	103.85653000	16.39587300	1.99527710	1.14238210	1.33760650	0.10335756	0.09450099	0.09491419	-0.97297812	0.01960757	-0.00085117	0.02858847	0.19246085	0.06886040	0.06544071	0.02535209
0.80532619	105.98440000	16.44957400	1.99285260	1.14311090	1.33598130	0.10283666	0.09405903	0.09448853	-0.97320517	0.01963538	-0.00086666	0.02831773	0.17711587	0.06362756	0.06022582	0.02512603
0.82151023	108.11429000	16.50287100	1.99070430	1.14377470	1.33450200	0.10236503	0.09365466	0.09409752	-0.97341029	0.01953833	-0.00087910	0.02807170	0.16204896	0.05837493	0.05500348	0.02492435
0.83770718	110.24588000	16.55580600	1.98882610	1.14437430	1.33316800	0.10194074	0.09328735	0.09374090	-0.97359389	0.01933406	-0.00088913	0.02784954	0.14724194	0.05310339	0.04977745	0.02474689
0.85391481	112.37887000	16.60842300	1.98720900	1.14490980	1.33197890	0.10155855	0.09295645	0.09341898	-0.97375658	0.01904334	-0.00089894	0.02765008	0.13267491	0.04781086	0.04454928	0.02459332
0.87013109	114.51300000	16.66076400	1.98584020	1.14538170	1.33093370	0.10121357	0.09266132	0.09313214	-0.97390065	0.01868083	-0.00091142	0.02747238	0.11832557	0.04249743	0.03932350	0.02446172
0.88635422	116.64804000	16.71286700	1.98470470	1.14579100	1.33003020	0.10090445	0.09240143	0.09288063	-0.97402978	0.01825777	-0.00092902	0.02731607	0.10416923	0.03716651	0.03410828	0.02434876
0.90258259	118.78376000	16.76476400	1.98378950	1.14613960	1.32926670	0.10063110	0.09217633	0.09266460	-0.97414622	0.01778649	-0.00095202	0.02718078	0.09017669	0.03182079	0.02891314	0.02425249
0.91881482	120.91999000	16.81648500	1.98308500	1.14643050	1.32864040	0.10039602	0.09198549	0.09248522	-0.97424976	0.01728637	-0.00097854	0.02706669	0.07632098	0.02645767	0.02374527	0.02417324
0.93504971	123.05657000	16.86806400	1.98258560	1.14666650	1.32814830	0.10020278	0.09182829	0.09234004	-0.97434002	0.01678568	-0.00100637	0.02697366	0.06257906	0.02107385	0.01860675	0.02411135
0.95128631	125.19338000	16.91953400	1.98228600	1.14685060	1.32779010	0.10005239	0.09170404	0.09222511	-0.97441773	0.01631548	-0.00103432	0.02690070	0.04892459	0.01566686	0.01349423	0.02406591
0.96752387	127.33031000	16.97092600	1.98217940	1.14698500	1.32756740	0.09994441	0.09161215	0.09213835	-0.97448406	0.01589774	-0.00106166	0.02684696	0.03533439	0.01023313	0.00839993	0.02403547
0.98376188	129.46731000	17.02227000	1.98225890	1.14707120	1.32748140	0.09987642	0.09155236	0.09207877	-0.97453907	0.01553495	-0.00108714	0.02681178	0.02178686	0.00477238	0.00331418	0.02401964
1.00000000	131.60431000	17.07359700	1.98251690	1.14710990	1.32753330	0.09984326	0.09152481	0.09204825	-0.97458090	0.01521354	-0.00110987	0.02679495	0.00826292	-0.00071230	-0.00177152	0.02401985
1.01623810	133.74132000	17.12494400	1.98294300	1.14710200	1.32771970	0.09984286	0.09152977	0.09205045	-0.97460739	0.01492264	-0.00113068	0.02679680	-0.00525038	-0.00621906	-0.00686398	0.02403781
1.03247610	135.87831000	17.17634800	1.98352630	1.14704880	1.32803120	0.09987925	0.09156729	0.09209066	-0.97461720	0.01466477	-0.00115203	0.02681874	-0.01876035	-0.01174235	-0.01196979	0.02407440
1.04871370	138.01525000	17.22784900	1.98425810	1.14695090	1.32845800	0.09995607	0.09163715	0.09217294	-0.97460997	0.01443886	-0.00117614	0.02686209	-0.03226954	-0.01726851	-0.01709566	0.02412954
1.06495030	140.15205000	17.27948400	1.98513620	1.14680850	1.32899790	0.10007329	0.09173931	0.09229181	-0.97458605	0.01422041	-0.00120297	0.02692615	-0.04578387	-0.02278151	-0.02224636	0.02420245
1.08118520	142.28863000	17.33128800	1.98616230	1.14662150	1.32965480	0.10023087	0.09187396	0.09244064	-0.97454595	0.01397561	-0.00123108	0.02701000	-0.05931869	-0.02826942	-0.02742208	0.02429225
1.09741740	144.42486000	17.38329200	1.98734030	1.14639000	1.33043370	0.10043060	0.09204144	0.09261944	-0.97448969	0.01369242	-0.00125930	0.02711403	-0.07289457	-0.03372559	-0.03261860	0.02439859
1.11364580	146.56059000	17.43552900	1.98867660	1.14611410	1.33133790	0.10067258	0.09224226	0.09282828	-0.97441662	0.01339016	-0.00128701	0.02723839	-0.08653614	-0.03914563	-0.03782851	0.02452175
1.12986890	148.69562000	17.48803100	1.99017990	1.14579380	1.33236780	0.10095700	0.09247708	0.09306470	-0.97432602	0.01310006	-0.00131424	0.02738284	-0.10026964	-0.04452685	-0.04304127	0.02466219
1.14608520	150.82975000	17.54082800	1.99185990	1.14542860	1.33352170	0.10128742	0.09274657	0.09332763	-0.97421824	0.01284528	-0.00134150	0.02754787	-0.11412422	-0.04986319	-0.04824356	0.02481931
1.16229280	152.96275000	17.59394900	1.99372620	1.14501700	1.33480020	0.10166210	0.09305150	0.09362491	-0.97409396	0.01263644	-0.00136942	0.02773447	-0.12813416	-0.05514693	-0.05342107	0.02499231
1.17848980	155.09434000	17.64742100	1.99578980	1.14455570	1.33620360	0.10207897	0.09339273	0.09396576	-0.97395312	0.01246587	-0.00139777	0.02794416	-0.14234351	-0.06037207	-0.05855898	0.02518122
1.19467380	157.22423000	17.70127000	1.99806220	1.14403930	1.33773020	0.10254290	0.09377137	0.09435347	-0.97379499	0.01230825	-0.00142586	0.02817908	-0.15680296	-0.06553086	-0.06364111	0.02538670
1.21084250	159.35210000	17.75552300	2.00055500	1.14346010	1.33938190	0.10305865	0.09418881	0.09478271	-0.97361882	0.01213095	-0.00145282	0.02843995	-0.17156249	-0.07061251	-0.06865043	0.02560945
1.22699330	161.47761000	17.81020900	2.00328080	1.14280900	1.34116630	0.10362479	0.09464632	0.09524621	-0.97342435	0.01190659	-0.00147715	0.02872628	-0.18667117	-0.07560688	-0.07356839	0.02584965
1.24312330	163.60039000	17.86535200	2.00625310	1.14207610	1.34309310	0.10423809	0.09514493	0.09573967	-0.97321118	0.01162467	-0.00149672	0.02903781	-0.20218092	-0.08050642	-0.07837409	0.02610766
1.25922960	165.72004000	17.92098200	2.00948570	1.14125220	1.34516830	0.10489818	0.09568561	0.09626462	-0.97297745	0.01129442	-0.00150957	0.02937558	-0.21814257	-0.08530375	-0.08304533	0.02638533
1.27530900	167.83616000	17.97713000	2.01299440	1.14032930	1.34739490	0.10560636	0.09626960	0.09682232	-0.97272008	0.01093322	-0.00151526	0.02974072	-0.23460458	-0.08998934	-0.08755968	0.02668564
1.29135820	169.94831000	18.03383300	2.01679250	1.13930060	1.34977360	0.10636518	0.09689853	0.09741711	-0.97243577	0.01055358	-0.00151567	0.03013509	-0.25161831	-0.09455672	-0.09189535	0.02701186
1.30737370	172.05602000	18.09113600	2.02088820	1.13815970	1.35230400	0.10717789	0.09757443	0.09805799	-0.97212052	0.01015723	-0.00151334	0.03056161	-0.26923204	-0.09900302	-0.09603199	0.02736785
1.32335200	174.15883000	18.14908900	2.02528800	1.13689990	1.35498350	0.10804419	0.09829955	0.09875489	-0.97177025	0.00973637	-0.00150978	0.03102295	-0.28747866	-0.10332872	-0.09994929	0.02775756
1.33928920	176.25623000	18.20774800	2.03000550	1.13551360	1.35780290	0.10896421	0.09907615	0.09951509	-0.97138231	0.00927746	-0.00150439	0.03152152	-0.30637197	-0.10753692	-0.10362623	0.02818362
1.35518140	178.34772000	18.26717100	2.03506710	1.13399200	1.36074640	0.10994108	0.09990627	0.10033748	-0.97095535	0.00877163	-0.00149573	0.03205881	-0.32592440	-0.11162626	-0.10704011	0.02864723
1.37102460	180.43275000	18.32741900	2.04050630	1.13232430	1.36379470	0.11097915	0.10079176	0.10121815	-0.97048780	0.00822120	-0.00148287	0.03263628	-0.34616053	-0.11558635	-0.11016336	0.02914998
1.38681480	182.51080000	18.38855200	2.04635600	1.13049840	1.36693110	0.11207977	0.10173465	0.10215786	-0.96997605	0.00763821	-0.00146536	0.03325593	-0.36710908	-0.11940078	-0.11296021	0.02969535
1.40254750	184.58130000	18.45064100	2.05264690	1.12850050	1.37014140	0.11324119	0.10273786	0.10315880	-0.96941575	0.00704543	-0.00144335	0.03391940	-0.38879467	-0.12305254	-0.11538777	0.03028771
1.41821850	186.64367000	18.51375900	2.05940640	1.12631550	1.37340830	0.11446514	0.10380490	0.10422422	-0.96880305	0.00647413	-0.00141751	0.03462933	-0.41124280	-0.12652706	-0.11740105	0.03093073
1.43382340	188.69734000	18.57798600	2.06666100	1.12392620	1.37671200	0.11575764	0.10493975	0.10536422	-0.96813457	0.00595046	-0.00138819	0.03539126	-0.43448058	-0.12980639	-0.11895674	0.03162768
1.44935750	190.74169000	18.64340400	2.07444000	1.12131350	1.38003620	0.11712098	0.10614700	0.10658520	-0.96740761	0.00548418	-0.00135652	0.03620946	-0.45854465	-0.13287464	-0.12001428	0.03238107
1.46481620	192.77613000	18.71009600	2.08277680	1.11845580	1.38336790	0.11856080	0.10743137	0.10789008	-0.96661957	0.00506666	-0.00132450	0.03708803	-0.48348484	-0.13572187	-0.12053496	0.03319348
1.48019490	194.80003000	18.77815200	2.09170990	1.11532820	1.38669720	0.12008148	0.10879781	0.10928504	-0.96576521	0.00467613	-0.00129406	0.03803176	-0.50934665	-0.13833811	-0.12047846	0.03407004
1.49548870	196.81277000	18.84766700	2.10128780	1.11190190	1.39001630	0.12168358	0.11025179	0.11077811	-0.96483663	0.00428758	-0.00126670	0.03904571	-0.53616031	-0.14071091	-0.11980078	0.03501882
1.51069290	198.81370000	18.91875200	2.11157000	1.10814340	1.39331800	0.12336523	0.11179887	0.11237336	-0.96382511	0.00388014	-0.00124252	0.04013423	-0.56395104	-0.14282538	-0.11845570	0.03604845
1.52580250	200.80219000	18.99153000	2.12262200	1.10401530	1.39658890	0.12512393	0.11344436	0.11407318	-0.96272109	0.00344314	-0.00122048	0.04130103	-0.59274261	-0.14467041	-0.11639749	0.03716863
1.54081250	202.77757000	19.06614000	2.13451210	1.09947630	1.39980540	0.12696485	0.11519347	0.11588370	-0.96151338	0.00297262	-0.00119946	0.04255262	-0.62254354	-0.14623247	-0.11358268	0.03839035
1.55571790	204.73919000	19.14273700	2.14731040	1.09448070	1.40294150	0.12889186	0.11705227	0.11781269	-0.96018849	0.00246978	-0.00117764	0.04389638	-0.65333986	-0.14748784	-0.10996894	0.03972710
1.57051370	206.68638000	19.22149900	2.16108850	1.08897860	1.40597790	0.13089823	0.11902806	0.11987581	-0.95872874	0.00195122	-0.00115257	0.04533989	-0.68508462	-0.14841502	-0.10551405	0.04119659
1.58519470	208.61846000	19.30263400	2.17592230	1.08291640	1.40889640	0.13297556	0.12112877	0.12209356	-0.95711270	0.00145114	-0.00112245	0.04689209	-0.71768860	-0.14900820	-0.10017877	0.04282053
1.59975570	210.53475000	19.38638500	2.19189080	1.07623710	1.41167140	0.13512261	0.12336203	0.12447950	-0.95531513	0.00100743	-0.00108812	0.04856223	-0.75102082	-0.14927171	-0.09393380	0.04462438
1.61419150	212.43457000	19.47303800	2.20907140	1.06888000	1.41426970	0.13733649	0.12573461	0.12704909	-0.95330654	0.00064620	-0.00105308	0.05035957	-0.78489273	-0.14921909	-0.08676599	0.04663802
1.62849690	214.31721000	19.56292000	2.22754310	1.06077980	1.41664750	0.13961335	0.12825271	0.12982289	-0.95105532	0.00037021	-0.00102123	0.05229527	-0.81902698	-0.14887758	-0.07868234	0.04889339
1.64266640	216.18198000	19.65640400	2.24739190	1.05186570	1.41874790	0.14195315	0.13092212	0.13280636	-0.94852985	0.00015864	-0.00099523	0.05437928	-0.85307516	-0.14827593	-0.06971006	0.05142241
1.65669470	218.02816000	19.75390300	2.26870360	1.04206230	1.42050960	0.14435408	0.13374775	0.13600319	-0.94569541	-0.00002473	-0.00097591	0.05662113	-0.88664389	-0.14743210	-0.05989806	0.05425984
1.67057640	219.85506000	19.85588000	2.29155310	1.03129030	1.42187340	0.14680934	0.13673384	0.13943164	-0.94250910	-0.00021747	-0.00096191	0.05903261	-0.91927434	-0.14636633	-0.04932235	0.05744875
1.68430590	221.66193000	19.96285900	2.31600480	1.01946600	1.42277730	0.14931714	0.13988350	0.14311050	-0.93891659	-0.00044836	-0.00095090	0.06162723	-0.95041276	-0.14510914	-0.03809060	0.06104340
1.69787790	223.44805000	20.07544000	2.34211330	1.00649950	1.42315910	0.15187248	0.14319830	0.14705501	-0.93484968	-0.00073576	-0.00094060	0.06441765	-0.97938528	-0.14368859	-0.02634339	0.06511228
1.71128650	225.21269000	20.19432300	2.36992030	0.99229447	1.42296280	0.15446187	0.14667778	0.15127419	-0.93022655	-0.00107867	-0.00092945	0.06741353	-1.00538200	-0.14213038	-0.01425441	0.06973717
1.72452620	226.95509000	20.32031700	2.39944330	0.97674836	1.42213510	0.15706701	0.15031802	0.15577376	-0.92495322	-0.00146425	-0.00091582	0.07062247	-1.02745570	-0.14047177	-0.00203141	0.07501233
1.73759130	228.67450000	20.45435300	2.43066200	0.95975368	1.42061130	0.15966677	0.15411062	0.16056408	-0.91892186	-0.00187651	-0.00089769	0.07405167	-1.04451220	-0.13876881	0.01008460	0.08104556
1.75047580	230.37017000	20.59749500	2.46351220	0.94119952	1.41830170	0.16223997	0.15804282	0.16565923	-0.91200650	-0.00228501	-0.00087453	0.07770885	-1.05528450	-0.13708282	0.02182327	0.08796316
1.76317400	232.04130000	20.75096400	2.49788610	0.92097272	1.41508710	0.16476605	0.16209681	0.17106385	-0.90405832	-0.00265074	-0.00084824	0.08159815	-1.05832780	-0.13546644	0.03288973	0.09591377
1.77567980	233.68712000	20.91616000	2.53362460	0.89895978	1.41081710	0.16722426	0.16624784	0.17676184	-0.89490100	-0.00293712	-0.00082164	0.08571447	-1.05204990	-0.13395680	0.04296879	0.10507401
1.78798720	235.30682000	21.09468700	2.57049320	0.87504881	1.40531400	0.16958795	0.17046306	0.18273332	-0.88432284	-0.00310710	-0.00079750	0.09004572	-1.03474490	-0.13256908	0.05173207	0.11565505
1.80008990	236.89960000	21.28839100	2.60815270	0.84913193	1.39837350	0.17182278	0.17470077	0.18895835	-0.87206900	-0.00312750	-0.00077837	0.09457353	-1.00461830	-0.13129549	0.05885291	0.12791217
1.81198180	238.46462000	21.49940500	2.64612590	0.82110885	1.38976040	0.17388958	0.17890997	0.19542101	-0.85783092	-0.00298743	-0.00076472	0.09927471	-0.95983994	-0.13010062	0.06403102	0.14215324
1.82365630	240.00103000	21.73019400	2.68376320	0.79089168	1.37920770	0.17574391	0.18302954	0.20211344	-0.84123724	-0.00270494	-0.00075386	0.10412135	-0.89861571	-0.12890746	0.06702222	0.15875024
1.83510700	241.50799000	21.98360700	2.72020560	0.75840975	1.36642120	0.17733602	0.18698650	0.20902588	-0.82184557	-0.00232372	-0.00074093	0.10907665	-0.81932374	-0.12758678	0.06767239	0.17814458
1.84632710	242.98461000	22.26292400	2.75433820	0.72361532	1.35108720	0.17860653	0.19069355	0.21613908	-0.79913868	-0.00190028	-0.00072135	0.11408901	-0.72072419	-0.12595443	0.06594902	0.20085428
1.85730990	244.42999000	22.57189200	2.78472990	0.68649082	1.33288300	0.17948145	0.19404484	0.22342238	-0.77252097	-0.00148711	-0.00069247	0.11908646	-0.60227604	-0.12377917	0.06196441	0.22747351
1.86804830	245.84321000	22.91474000	2.80956090	0.64705744	1.31148400	0.17987225	0.19691168	0.23083614	-0.74132556	-0.00112635	-0.00065368	0.12397420	-0.46455975	-0.12079754	0.05599000	0.25867044
1.87853510	247.22332000	23.29616300	2.82653470	0.60538418	1.28656550	0.17967039	0.19913728	0.23832087	-0.70483389	-0.00084823	-0.00060539	0.12862429	-0.30984549	-0.11673226	0.04845844	0.29516214
1.88876300	248.56936000	23.72123400	2.83277660	0.56159693	1.25780360	0.17874286	0.20052867	0.24579290	-0.66232629	-0.00066244	-0.00054863	0.13286758	-0.14277105	-0.11132275	0.03994502	0.33766985
1.89872440	249.88031000	24.19522600	2.82471890	0.51588593	1.22486720	0.17693924	0.20084720	0.25316380	-0.61316732	-0.00054921	-0.00048525	0.13650247	0.02896132	-0.10435349	0.03112028	0.38682739
1.90841140	251.15517000	24.72327500	2.79800920	0.46851085	1.18740880	0.17409268	0.19979994	0.26038556	-0.55695241	-0.00046981	-0.00041821	0.13932115	0.19413697	-0.09568333	0.02267479	0.44304052
1.91781600	252.39285000	25.30985000	2.74747940	0.41980275	1.14504700	0.17002293	0.19703464	0.26755563	-0.49371538	-0.00039168	-0.00035096	0.14117920	0.33819270	-0.08529078	0.01522498	0.50627378
1.92692980	253.59227000	25.95798400	2.66726650	0.37016499	1.09731810	0.16456051	0.19214313	0.27509734	-0.42420074	-0.00030474	-0.00028653	0.14213201	0.44459360	-0.07334092	0.00921771	0.57578531
1.93574420	254.75229000	26.66829100	2.55118360	0.32007691	1.04357670	0.15763571	0.18468082	0.28398816	-0.35014161	-0.00022069	-0.00022708	0.14264753	0.49797537	-0.06023467	0.00485689	0.64983977
1.94425030	255.87173000	27.43786900	2.39348890	0.27010512	0.98287041	0.14945532	0.17421099	0.29582235	-0.27445641	-0.00015866	-0.00017381	0.14379382	0.48916754	-0.04664619	0.00208009	0.72552207
1.95243880	256.94937000	28.25935700	2.19012920	0.22092895	0.91377844	0.14087874	0.16038081	0.31236673	-0.20120241	-0.00012658	-0.00012722	0.14721628	0.42093039	-0.03347054	0.00059967	0.79877003
1.96030010	257.98394000	29.12050400	1.94039980	0.17338265	0.83432674	0.13397401	0.14302998	0.33431602	-0.13513156	-0.00011477	-0.00008751	0.15458350	0.31138496	-0.02172198	0.00000325	0.86483722
1.96782400	258.97412000	30.00468500	1.64861910	0.12851179	0.74198793	0.13250023	0.12231860	0.35989384	-0.08075576	-0.00010664	-0.00005490	0.16654306	0.19107152	-0.01229433	-0.00012034	0.91920871
1.97500010	259.91853000	30.89259100	1.32494890	0.08763116	0.63392390	0.14096417	0.09883781	0.38455436	-0.04108236	-0.00009185	-0.00002988	0.18174106	0.09163990	-0.00572463	-0.00007662	0.95888211
1.98181750	260.81573000	31.76490300	0.98432582	0.05236136	0.50737543	0.16179076	0.07362937	0.40306422	-0.01648671	-0.00006812	-0.00001293	0.19750696	0.03096897	-0.00196929	-0.00002430	0.98347548
1.98826470	261.66421000	32.60516700	0.64281343	0.02461124	0.36019369	0.19366601	0.04802077	0.41305417	-0.00444187	-0.00003810	-0.00000374	0.21262129	0.00594221	-0.00039659	-0.00000330	0.99551882
1.99432980	262.46240000	33.40171100	0.31290703	0.00647177	0.19112412	0.23385570	0.02323794	0.41721146	-0.00048434	-0.00001104	-0.00000042	0.23006506	0.00033256	-0.00002281	-0.00000007	0.99947635
2.00000000	263.20863000	34.14781800	0.00416297	0.00000000	0.00000000	0.27997333	0.00000000	0.42219555	0.00000000	0.00000000	0.00000000	0.25663441	0.00000000	0.00000000	0.00000000	0.99991746