0.00000000	0.00000000	0.00000000	0.00000000	0.00000000	0.00000000	0.29005027	0.00000000	0.43817197	0.00000000	0.00000000	0.00000000	0.27612397	0.00000000	0.00000000	0.00000000	0.99970083
0.00167326	0.40784256	0.40773864	0.17795348	0.00209651	0.11237545	0.26208294	0.01288687	0.43493575	-0.00007802	-0.00001089	0.00000005	0.25831389	-0.00003330	0.00000210	0.00000000	0.99969408
0.00355480	0.86645228	0.86608275	0.37656688	0.00882059	0.22595484	0.23476261	0.02739205	0.43263172	-0.00077445	-0.00005086	0.00000053	0.24406629	-0.00068622	0.00004407	0.00000021	0.99898607
0.00563844	1.37432120	1.37292400	0.59468189	0.02054885	0.33777957	0.20859808	0.04340186	0.42988178	-0.00316631	-0.00013294	0.00000209	0.23218483	-0.00430164	0.00026811	0.00000216	0.99660310
0.00791831	1.93001990	1.92532860	0.82988811	0.03732716	0.44548348	0.18466103	0.06065474	0.42455352	-0.00884439	-0.00027240	0.00000557	0.22096612	-0.01599220	0.00095228	0.00001047	0.99092269
0.01038885	2.53219150	2.51902150	1.07783910	0.05892571	0.54728057	0.16446096	0.07870520	0.41486846	-0.01975048	-0.00048428	0.00001182	0.20908406	-0.04328121	0.00247782	0.00003176	0.98001583
0.01304478	3.17955180	3.14796390	1.33209560	0.08491423	0.64203087	0.14956753	0.09695746	0.40015951	-0.03781282	-0.00077913	0.00002152	0.19615719	-0.09343693	0.00524666	0.00006738	0.96195233
0.01588111	3.87088200	3.80419930	1.58470560	0.11474103	0.72920628	0.14094876	0.11475736	0.38129654	-0.06448680	-0.00115784	0.00003508	0.18294417	-0.16937538	0.00957979	0.00009879	0.93528009
0.01889308	4.60502440	4.47809250	1.82732050	0.14780282	0.80881244	0.13836893	0.13149521	0.36030644	-0.10036996	-0.00160809	0.00005254	0.17080243	-0.26655251	0.01563388	0.00006869	0.89939889
0.02207617	5.38087610	5.15894600	2.05241390	0.18349721	0.88123835	0.14044843	0.14668192	0.33960291	-0.14503242	-0.00210403	0.00007354	0.16095081	-0.37287769	0.02336003	-0.00013473	0.85473709
0.02542607	6.19738490	5.83585540	2.25421030	0.22125558	0.94710088	0.14535065	0.15998680	0.32115027	-0.19709838	-0.00261012	0.00009732	0.15393818	-0.47174858	0.03251210	-0.00068117	0.80266988
0.02893867	7.05354980	6.49860330	2.42913380	0.26055851	1.00709060	0.15146891	0.17124147	0.30594914	-0.25452508	-0.00308761	0.00012281	0.14955712	-0.54662219	0.04269349	-0.00178254	0.74524370
0.03261005	7.94841690	7.13839810	2.57578930	0.30093803	1.06185870	0.15770394	0.18041985	0.29399329	-0.31496757	-0.00350082	0.00014873	0.14708985	-0.58505608	0.05342533	-0.00365832	0.68480209
0.03643647	8.88107490	7.74834690	2.69461830	0.34197279	1.11195310	0.16342876	0.18760529	0.28460833	-0.37612685	-0.00382137	0.00017375	0.14565936	-0.58090091	0.06421929	-0.00648935	0.62364457
0.04041437	9.85065320	8.32363430	2.78739890	0.38328106	1.15780050	0.16835034	0.19295453	0.27690349	-0.43600847	-0.00403081	0.00019671	0.14450340	-0.53441479	0.07463799	-0.01037172	0.56376452
0.04454032	10.85631700	8.86144270	2.85673350	0.42451511	1.19971740	0.17237673	0.19666488	0.27009720	-0.49306762	-0.00412197	0.00021677	0.14310017	-0.45089612	0.08433539	-0.01528295	0.50670619
0.04881103	11.89726700	9.36069630	2.90561310	0.46535867	1.23794480	0.17552410	0.19894820	0.26365451	-0.54624761	-0.00409850	0.00023360	0.14117667	-0.33868663	0.09307554	-0.02106829	0.45352764
0.05322338	12.97273900	9.82171280	2.93709230	0.50552714	1.27267390	0.17785755	0.20001258	0.25727805	-0.59494254	-0.00397170	0.00024736	0.13864887	-0.20724884	0.10073116	-0.02744923	0.40483489
0.05777437	14.08200100	10.24583300	2.95407790	0.54476932	1.30407530	0.17946011	0.20005110	0.25084475	-0.63891561	-0.00375634	0.00025858	0.13555126	-0.06570750	0.10727156	-0.03405087	0.36086436
0.06246109	15.22435100	10.63508200	2.95921100	0.58286958	1.33231650	0.18041762	0.19923622	0.24433464	-0.67820473	-0.00346698	0.00026790	0.13197676	0.07804381	0.11274484	-0.04044119	0.32157852
0.06728080	16.39911200	10.99188900	2.95481660	0.61964913	1.35757030	0.18081157	0.19771824	0.23777640	-0.71303301	-0.00311585	0.00027592	0.12803628	0.21774414	0.11725769	-0.04617389	0.28675348
0.07223081	17.60563400	11.31886800	2.94289880	0.65496616	1.38002050	0.18071603	0.19562643	0.23121293	-0.74373430	-0.00271322	0.00028312	0.12383578	0.34881416	0.12095602	-0.05082789	0.25605569
0.07730856	18.84329300	11.61866100	2.92515980	0.68871472	1.39986160	0.18019790	0.19307143	0.22468407	-0.77069593	-0.00226931	0.00028986	0.11946679	0.46819682	0.12400713	-0.05403914	0.22909788
0.08251159	20.11148600	11.89383300	2.90302950	0.72082231	1.41729410	0.17931680	0.19014770	0.21822234	-0.79431915	-0.00179572	0.00029659	0.11500475	0.57410033	0.12658508	-0.05552315	0.20547909
0.08783752	21.40963500	12.14681000	2.87769720	0.75124666	1.43252030	0.17812484	0.18693602	0.21185384	-0.81499378	-0.00130705	0.00030381	0.11051068	0.66572230	0.12885827	-0.05508710	0.18480922
0.09328406	22.73718300	12.37983800	2.85014450	0.77997189	1.44574270	0.17666819	0.18350581	0.20559998	-0.83308336	-0.00082256	0.00031209	0.10603388	0.74299485	0.13097964	-0.05263266	0.16672495
0.09884901	24.09359000	12.59497500	2.82117340	0.80700453	1.45715600	0.17498705	0.17991710	0.19948051	-0.84891728	-0.00036504	0.00032191	0.10161443	0.80637233	0.13307922	-0.04815170	0.15089674
0.10453022	25.47833700	12.79408600	2.79143460	0.83236935	1.46694500	0.17311552	0.17622181	0.19351694	-0.86278781	0.00004487	0.00033345	0.09728565	0.85666660	0.13525992	-0.04171663	0.13703249
0.11032563	26.89091800	12.97885400	2.76145410	0.85610563	1.47527910	0.17108392	0.17246468	0.18772895	-0.87495143	0.00039351	0.00034612	0.09307435	0.89491862	0.13759542	-0.03346655	0.12487573
0.11623325	28.33084900	13.15079200	2.73165570	0.87826385	1.48231110	0.16892108	0.16868412	0.18212997	-0.88563235	0.00067406	0.00035840	0.08900070	0.92229176	0.14013422	-0.02359115	0.11420246
0.12225115	29.79765900	13.31125500	2.70237580	0.89890300	1.48817560	0.16665297	0.16491282	0.17672803	-0.89502586	0.00088313	0.00036866	0.08507885	0.93998857	0.14290394	-0.01231458	0.10481731
0.12837745	31.29089200	13.46145300	2.67387520	0.91808826	1.49299280	0.16430213	0.16117823	0.17153161	-0.90330045	0.00101791	0.00037590	0.08131917	0.94919862	0.14591457	0.00011949	0.09655190
0.13461034	32.81010700	13.60246700	2.64634910	0.93588894	1.49686980	0.16188990	0.15750288	0.16655112	-0.91060112	0.00107609	0.00038006	0.07772985	0.95107518	0.14916103	0.01346002	0.08926116
0.14094808	34.35487500	13.73526400	2.61993780	0.95237652	1.49990020	0.15943627	0.15390497	0.16179164	-0.91705413	0.00105597	0.00038196	0.07431507	0.94671372	0.15262738	0.02745795	0.08281892
0.14738895	35.92478100	13.86070300	2.59473690	0.96762315	1.50216920	0.15695599	0.15039890	0.15725453	-0.92276911	0.00095716	0.00038299	0.07107495	0.93713011	0.15628926	0.04187295	0.07711556
0.15393128	37.51941800	13.97955000	2.57080460	0.98170070	1.50375280	0.15445992	0.14699581	0.15294020	-0.92784092	0.00078213	0.00038438	0.06800704	0.92325613	0.16011090	0.05647803	0.07205624
0.16057347	39.13839400	14.09248700	2.54816920	0.99467975	1.50471710	0.15196026	0.14370379	0.14884646	-0.93235170	0.00053401	0.00038662	0.06510767	0.90593956	0.16404783	0.07106340	0.06755880
0.16731394	40.78132500	14.20011900	2.52683640	1.00662870	1.50511960	0.14946902	0.14052812	0.14496963	-0.93637337	0.00021578	0.00038982	0.06237228	0.88594132	0.16805333	0.08544017	0.06355132
0.17415117	42.44784000	14.30298200	2.50679470	1.01761330	1.50501250	0.14699412	0.13747173	0.14130194	-0.93996898	-0.00016307	0.00039465	0.05979408	0.86393472	0.17208001	0.09944357	0.05997076
0.18108365	44.13757400	14.40155100	2.48802070	1.02769640	1.50444460	0.14454238	0.13453543	0.13783439	-0.94319348	-0.00058474	0.00040208	0.05736564	0.84050664	0.17607976	0.11293488	0.05676217
0.18810995	45.85017300	14.49624300	2.47048280	1.03693830	1.50345920	0.14211962	0.13171847	0.13455712	-0.94609475	-0.00103235	0.00041276	0.05507894	0.81616018	0.18000456	0.12580090	0.05387773
0.19522863	47.58529000	14.58742700	2.45414260	1.04539690	1.50209310	0.13972984	0.12901911	0.13145925	-0.94871396	-0.00149678	0.00042665	0.05292559	0.79131726	0.18380939	0.13795376	0.05127640
0.20243831	49.34258600	14.67542900	2.43895560	1.05312780	1.50037610	0.13737688	0.12643461	0.12853310	-0.95108599	-0.00196950	0.00044284	0.05089832	0.76632964	0.18745555	0.14933046	0.04892334
0.20973761	51.12172800	14.76053800	2.42487230	1.06018460	1.49833210	0.13506641	0.12396143	0.12577116	-0.95324101	-0.00243551	0.00045992	0.04899045	0.74149254	0.19091396	0.15988963	0.04678845
0.21712521	52.92239000	14.84300800	2.41184150	1.06661860	1.49598380	0.13280381	0.12159556	0.12316099	-0.95520564	-0.00287864	0.00047696	0.04719416	0.71704569	0.19416477	0.16960667	0.04484501
0.22459979	54.74425600	14.92306500	2.39980920	1.07247860	1.49335430	0.13059307	0.11933263	0.12068847	-0.95700400	-0.00329166	0.00049373	0.04550127	0.69317417	0.19719188	0.17846968	0.04306890
0.23216008	56.58701100	15.00090400	2.38871710	1.07781050	1.49046830	0.12843654	0.11716803	0.11834010	-0.95865737	-0.00367696	0.00051011	0.04390394	0.67001345	0.19998212	0.18647767	0.04143873
0.23980482	58.45034900	15.07669800	2.37850180	1.08265740	1.48735270	0.12633509	0.11509708	0.11610836	-0.96018345	-0.00403639	0.00052561	0.04239605	0.64766174	0.20252568	0.19364006	0.03993666
0.24753276	60.33396700	15.15059700	2.36909680	1.08705930	1.48403450	0.12428825	0.11311520	0.11398705	-0.96159691	-0.00436496	0.00053979	0.04097191	0.62619350	0.20481463	0.19997575	0.03854795
0.25534268	62.23756800	15.22273400	2.36043600	1.09105410	1.48053960	0.12229455	0.11121801	0.11196932	-0.96290988	-0.00465139	0.00055282	0.03962573	0.60566279	0.20684088	0.20551061	0.03726040
0.26323337	64.16085700	15.29323000	2.35245650	1.09467720	1.47688960	0.12035359	0.10940110	0.11005031	-0.96413250	-0.00488378	0.00056525	0.03835247	0.58610780	0.20859510	0.21027450	0.03606383
0.27120366	66.10354400	15.36219300	2.34510000	1.09796160	1.47310090	0.11846618	0.10765989	0.10822567	-0.96527405	-0.00505844	0.00057730	0.03714764	0.56755227	0.21007216	0.21429916	0.03494895
0.27925235	68.06534300	15.42972100	2.33831510	1.10093760	1.46918690	0.11663168	0.10598979	0.10649046	-0.96634348	-0.00518083	0.00058909	0.03600662	0.55000732	0.21127313	0.21761779	0.03390688
0.28737829	70.04597200	15.49589900	2.33205820	1.10363240	1.46516080	0.11484997	0.10438644	0.10483639	-0.96734877	-0.00525602	0.00060074	0.03492485	0.53346817	0.21220142	0.22026614	0.03292966
0.29558034	72.04514900	15.56080200	2.32629000	1.10607070	1.46103480	0.11312112	0.10284570	0.10325789	-0.96829650	-0.00528567	0.00061193	0.03389867	0.51791434	0.21286388	0.22228241	0.03201080
0.30385735	74.06259900	15.62449800	2.32097380	1.10827500	1.45682440	0.11144307	0.10136368	0.10174908	-0.96919243	-0.00527727	0.00062211	0.03292411	0.50331703	0.21326936	0.22370551	0.03114444
0.31220819	76.09804500	15.68704900	2.31607470	1.11026610	1.45254530	0.10981381	0.09993680	0.10030299	-0.97004176	-0.00524516	0.00063140	0.03199728	0.48964201	0.21342408	0.22457394	0.03032536
0.32063175	78.15121400	15.74850600	2.31155820	1.11206360	1.44820970	0.10823229	0.09856184	0.09891374	-0.97084921	-0.00519940	0.00064032	0.03111482	0.47685094	0.21333292	0.22492474	0.02954871
0.32912690	80.22183400	15.80891900	2.30739130	1.11368580	1.44382660	0.10669971	0.09723612	0.09757590	-0.97161909	-0.00514090	0.00064929	0.03027405	0.46490069	0.21300215	0.22479244	0.02881004
0.33769254	82.30963400	15.86832600	2.30354120	1.11515020	1.43940300	0.10521791	0.09595732	0.09628588	-0.97235522	-0.00506704	0.00065863	0.02947287	0.45374373	0.21243805	0.22420911	0.02810538
0.34632755	84.41434300	15.92676400	2.29997550	1.11647280	1.43494490	0.10378665	0.09472323	0.09504110	-0.97306098	-0.00497878	0.00066892	0.02870917	0.44332940	0.21164828	0.22320612	0.02743125
0.35503083	86.53569300	15.98426400	2.29666230	1.11766810	1.43045930	0.10240331	0.09353161	0.09384008	-0.97373882	-0.00488122	0.00068053	0.02798065	0.43360542	0.21064447	0.22181575	0.02678514
0.36380128	88.67341400	16.04085600	2.29357170	1.11874940	1.42595460	0.10106561	0.09238023	0.09268146	-0.97439024	-0.00477999	0.00069307	0.02728526	0.42452057	0.20944257	0.22007139	0.02616554
0.37263780	90.82723900	16.09656700	2.29067640	1.11972830	1.42144170	0.09977151	0.09126703	0.09156311	-0.97501666	-0.00468210	0.00070564	0.02662096	0.41602866	0.20805945	0.21800694	0.02557110
0.38153929	92.99689900	16.15142300	2.28795240	1.12061530	1.41693240	0.09851988	0.09019020	0.09048419	-0.97561943	-0.00459728	0.00071717	0.02598614	0.40808677	0.20650908	0.21565529	0.02500048
0.39050464	95.18212500	16.20545200	2.28537950	1.12141930	1.41243750	0.09730968	0.08914814	0.08944530	-0.97619927	-0.00453691	0.00072681	0.02537974	0.40065553	0.20480449	0.21304648	0.02445300
0.39953274	97.38264800	16.25867900	2.28293990	1.12214820	1.40796720	0.09613697	0.08813940	0.08844389	-0.97675708	-0.00450821	0.00073469	0.02479986	0.39370036	0.20295768	0.21020794	0.02392780
0.40862250	99.59819700	16.31112900	2.28061810	1.12280890	1.40353140	0.09499762	0.08716258	0.08747687	-0.97729455	-0.00451432	0.00074182	0.02424460	0.38719047	0.20097916	0.20716607	0.02342327
0.41777278	101.82850000	16.36282400	2.27840130	1.12340850	1.39913660	0.09389093	0.08621642	0.08654196	-0.97781378	-0.00456137	0.00074881	0.02371269	0.38109481	0.19887976	0.20394717	0.02293734
0.42698248	104.07328000	16.41378300	2.27627880	1.12395450	1.39478700	0.09281696	0.08529985	0.08563876	-0.97831665	-0.00465900	0.00075563	0.02320323	0.37537842	0.19667268	0.20057704	0.02246818
0.43625045	106.33227000	16.46402200	2.27424170	1.12445430	1.39048440	0.09177517	0.08441193	0.08476420	-0.97880499	-0.00481413	0.00076189	0.02271490	0.37000355	0.19436940	0.19708023	0.02201394
0.44557559	108.60519000	16.51355400	2.27228200	1.12491540	1.38622610	0.09076695	0.08355178	0.08391335	-0.97928074	-0.00502867	0.00076725	0.02224641	0.36492628	0.19197876	0.19347963	0.02157269
0.45495673	110.89177000	16.56238800	2.27039000	1.12534520	1.38200500	0.08979414	0.08271851	0.08308602	-0.97974490	-0.00529895	0.00077172	0.02179718	0.36009886	0.18951064	0.18979541	0.02114341
0.46439274	113.19171000	16.61053400	2.26855370	1.12575040	1.37781510	0.08885761	0.08191125	0.08228419	-0.98019717	-0.00561895	0.00077559	0.02136682	0.35547821	0.18697581	0.18604430	0.02072640
0.47388246	115.50475000	16.65800500	2.26676040	1.12613620	1.37365530	0.08795702	0.08112917	0.08151159	-0.98063637	-0.00598010	0.00077956	0.02095517	0.35103268	0.18438369	0.18224003	0.02032272
0.48342472	117.83059000	16.70481600	2.26500030	1.12650630	1.36953000	0.08708937	0.08037147	0.08077087	-0.98106178	-0.00636737	0.00078426	0.02056166	0.34674270	0.18174001	0.17839409	0.01993306
0.49301834	120.16895000	16.75098400	2.26326910	1.12686260	1.36544730	0.08625106	0.07963730	0.08005911	-0.98147413	-0.00675891	0.00078964	0.02018494	0.34259231	0.17904437	0.17451557	0.01955654
0.50266214	122.51955000	16.79652200	2.26156690	1.12720620	1.36141380	0.08544029	0.07892572	0.07937117	-0.98187511	-0.00713162	0.00079514	0.01982369	0.33855917	0.17629310	0.17061094	0.01919142
0.51235491	124.88208000	16.84144100	2.25989630	1.12753810	1.35743420	0.08465757	0.07823579	0.07870489	-0.98226592	-0.00746834	0.00080024	0.01947729	0.33461462	0.17348347	0.16668414	0.01883637
0.52209545	127.25625000	16.88574900	2.25826110	1.12785930	1.35351390	0.08390267	0.07756687	0.07805864	-0.98264751	-0.00776429	0.00080534	0.01914496	0.33072716	0.17061449	0.16273711	0.01849046
0.53188253	129.64176000	16.92945300	2.25666470	1.12817050	1.34965970	0.08317374	0.07691856	0.07743015	-0.98302070	-0.00802816	0.00081192	0.01882568	0.32686264	0.16768572	0.15877173	0.01815281
0.54171492	132.03832000	16.97256100	2.25510890	1.12847270	1.34587890	0.08246818	0.07629049	0.07681899	-0.98338603	-0.00827692	0.00082155	0.01851867	0.32298427	0.16469749	0.15479187	0.01782298
0.55159138	134.44563000	17.01507600	2.25359290	1.12876650	1.34217670	0.08178444	0.07568213	0.07622675	-0.98374355	-0.00852551	0.00083471	0.01822362	0.31905844	0.16165197	0.15080395	0.01750093
0.56151065	136.86336000	17.05700800	2.25211520	1.12905270	1.33855560	0.08112200	0.07509290	0.07565285	-0.98409273	-0.00878101	0.00085046	0.01793996	0.31505867	0.15855153	0.14681597	0.01718731
0.57147147	139.29122000	17.09836500	2.25067330	1.12933190	1.33501540	0.08048154	0.07452231	0.07509547	-0.98443283	-0.00904301	0.00086711	0.01766728	0.31096461	0.15539948	0.14283645	0.01688288
0.58147255	141.72890000	17.13915800	2.24926320	1.12960440	1.33155500	0.07986262	0.07396992	0.07455453	-0.98476371	-0.00930338	0.00088354	0.01740527	0.30676241	0.15219954	0.13887365	0.01658781
0.59151260	144.17608000	17.17939900	2.24788040	1.12987080	1.32817220	0.07926529	0.07343538	0.07402985	-0.98508559	-0.00955182	0.00089917	0.01715363	0.30244295	0.14895263	0.13493410	0.01630187
0.60159034	146.63244000	17.21910000	2.24652040	1.13013130	1.32486360	0.07869089	0.07291832	0.07352196	-0.98539849	-0.00978502	0.00091369	0.01691230	0.29799598	0.14565938	0.13102104	0.01602498
0.61170445	149.09766000	17.25827300	2.24517790	1.13038580	1.32162740	0.07813974	0.07241840	0.07303261	-0.98570255	-0.01000742	0.00092694	0.01668117	0.29341340	0.14232323	0.12713430	0.01575698
0.62185361	151.57144000	17.29692900	2.24384880	1.13063330	1.31846770	0.07761000	0.07193537	0.07256224	-0.98599842	-0.01022324	0.00093875	0.01645977	0.28868984	0.13894981	0.12327312	0.01549712
0.63203651	154.05343000	17.33507800	2.24253180	1.13087200	1.31539310	0.07709807	0.07146890	0.07211058	-0.98628671	-0.01043392	0.00094896	0.01624752	0.28382043	0.13554353	0.11943915	0.01524482
0.64225182	156.54332000	17.37273000	2.24122990	1.13109950	1.31241330	0.07660062	0.07101865	0.07167596	-0.98656759	-0.01064027	0.00095800	0.01604375	0.27880218	0.13210532	0.11563688	0.01499982
0.65249820	159.04079000	17.40989200	2.23995000	1.13131390	1.30953370	0.07611720	0.07058439	0.07125693	-0.98684117	-0.01084409	0.00096645	0.01584817	0.27363165	0.12863350	0.11187137	0.01476203
0.66277431	161.54550000	17.44657700	2.23870100	1.13151420	1.30675540	0.07564773	0.07016587	0.07085123	-0.98710721	-0.01104821	0.00097470	0.01566030	0.26830234	0.12512670	0.10814641	0.01453166
0.67307880	164.05713000	17.48279400	2.23749120	1.13169980	1.30407540	0.07519321	0.06976285	0.07045740	-0.98736508	-0.01125818	0.00098290	0.01547978	0.26280446	0.12158409	0.10446368	0.01430926
0.68341035	166.57536000	17.51855700	2.23632460	1.13187100	1.30148680	0.07475637	0.06937502	0.07007774	-0.98761390	-0.01148196	0.00099117	0.01530700	0.25713152	0.11800713	0.10082319	0.01409564
0.69376761	169.09985000	17.55388100	2.23520270	1.13202770	1.29898310	0.07433887	0.06900208	0.06971287	-0.98785342	-0.01172404	0.00099960	0.01514215	0.25128212	0.11440152	0.09722487	0.01389093
0.70414926	171.63029000	17.58878100	2.23412450	1.13216970	1.29656190	0.07393954	0.06864386	0.06936178	-0.98808419	-0.01197755	0.00100780	0.01498491	0.24525331	0.11077461	0.09366961	0.01369449
0.71455397	174.16635000	17.62327000	2.23308650	1.13229740	1.29422520	0.07355675	0.06830017	0.06902498	-0.98830673	-0.01222642	0.00101529	0.01483502	0.23903866	0.10713254	0.09015853	0.01350574
0.72498042	176.70770000	17.65736000	2.23208320	1.13241130	1.29197640	0.07318880	0.06797068	0.06870218	-0.98852149	-0.01245678	0.00102211	0.01469202	0.23263191	0.10347870	0.08669254	0.01332421
0.73542730	179.25404000	17.69106400	2.23110880	1.13251230	1.28981690	0.07283542	0.06765495	0.06839334	-0.98872917	-0.01266424	0.00102872	0.01455567	0.22602790	0.09981350	0.08327214	0.01314923
0.74589333	181.80504000	17.72439100	2.23015700	1.13260150	1.28774330	0.07249750	0.06735260	0.06809761	-0.98893055	-0.01285110	0.00103568	0.01442585	0.21922159	0.09613867	0.07989766	0.01298004
0.75637721	184.36040000	17.75734900	2.22922300	1.13268020	1.28574990	0.07217465	0.06706343	0.06781465	-0.98912599	-0.01302082	0.00104323	0.01430240	0.21221040	0.09245825	0.07657011	0.01281632
0.76687769	186.91980000	17.78994800	2.22830430	1.13275000	1.28383150	0.07186649	0.06678742	0.06754542	-0.98931518	-0.01317801	0.00105118	0.01418530	0.20499922	0.08877500	0.07329071	0.01265834
0.77739354	189.48295000	17.82219700	2.22740250	1.13281290	1.28198180	0.07157486	0.06652475	0.06728866	-0.98949742	-0.01332930	0.00105949	0.01407453	0.19759692	0.08508914	0.07006006	0.01250672
0.78792356	192.04955000	17.85411000	2.22652100	1.13287080	1.28019470	0.07130080	0.06627553	0.06704464	-0.98967189	-0.01348392	0.00106838	0.01397015	0.19001222	0.08140055	0.06687781	0.01236220
0.79846656	194.61931000	17.88570000	2.22566360	1.13292550	1.27846640	0.07104310	0.06603968	0.06681505	-0.98983809	-0.01365209	0.00107809	0.01387196	0.18225448	0.07770995	0.06374231	0.01222511
0.80902141	197.19197000	17.91698200	2.22483500	1.13297830	1.27679550	0.07080028	0.06581681	0.06659982	-0.98999617	-0.01384076	0.00108876	0.01377957	0.17433210	0.07401819	0.06065062	0.01209519
0.81958698	199.76723000	17.94797000	2.22404110	1.13302970	1.27518190	0.07057120	0.06560645	0.06639692	-0.99014681	-0.01405159	0.00110071	0.01369255	0.16625116	0.07032532	0.05759953	0.01197159
0.83016220	202.34485000	17.97867500	2.22328860	1.13307960	1.27362500	0.07035555	0.06540818	0.06620487	-0.99029029	-0.01428113	0.00111417	0.01361068	0.15801413	0.06663117	0.05458629	0.01185392
0.84074605	204.92457000	18.00911000	2.22258360	1.13312790	1.27212460	0.07015340	0.06522170	0.06602373	-0.99042608	-0.01452197	0.00112906	0.01353391	0.14962244	0.06293597	0.05160795	0.01174267
0.85133753	207.50615000	18.03928900	2.22192970	1.13317450	1.27068260	0.06996663	0.06504692	0.06585305	-0.99055342	-0.01476622	0.00114516	0.01346234	0.14107991	0.05923981	0.04866039	0.01163857
0.86193570	210.08937000	18.06922700	2.22132720	1.13321890	1.26930440	0.06979615	0.06488389	0.06569403	-0.99067223	-0.01500574	0.00116215	0.01339610	0.13239368	0.05554252	0.04573812	0.01154173
0.87253970	212.67400000	18.09894000	2.22077540	1.13326020	1.26799820	0.06964155	0.06473277	0.06554780	-0.99078322	-0.01523191	0.00117962	0.01333525	0.12357440	0.05184269	0.04283536	0.01145148
0.88314868	215.25985000	18.12844200	2.22027520	1.13329690	1.26677240	0.06950082	0.06459367	0.06541250	-0.99088721	-0.01543739	0.00119705	0.01327940	0.11463006	0.04813749	0.03994741	0.01136706
0.89376187	217.84672000	18.15774400	2.21982930	1.13332730	1.26563280	0.06937269	0.06446656	0.06528752	-0.99098427	-0.01561607	0.00121366	0.01322837	0.10556377	0.04442329	0.03707114	0.01128845
0.90437855	220.43444000	18.18686100	2.21944100	1.13335010	1.26458190	0.06925601	0.06435131	0.06517461	-0.99107383	-0.01576204	0.00122842	0.01318223	0.09637855	0.04069691	0.03420475	0.01121629
0.91499807	223.02286000	18.21580700	2.21911400	1.13336400	1.26361930	0.06915063	0.06424778	0.06507451	-0.99115523	-0.01586843	0.00124048	0.01314104	0.08708126	0.03695694	0.03134751	0.01115133
0.92561985	225.61183000	18.24460200	2.21885270	1.13336820	1.26274460	0.06905766	0.06415583	0.06498664	-0.99122817	-0.01593120	0.00124983	0.01310480	0.07768249	0.03320509	0.02849913	0.01109396
0.93624335	228.20121000	18.27326200	2.21866110	1.13336240	1.26196050	0.06897655	0.06407532	0.06490968	-0.99129281	-0.01595486	0.00125741	0.01307323	0.06819383	0.02944335	0.02565884	0.01104411
0.94686812	230.79091000	18.30180600	2.21854180	1.13334630	1.26127100	0.06890579	0.06400607	0.06484374	-0.99134936	-0.01595200	0.00126433	0.01304610	0.05862786	0.02567019	0.02282455	0.01100161
0.95749378	233.38082000	18.33025200	2.21849700	1.13332010	1.26067830	0.06884499	0.06394797	0.06478904	-0.99139791	-0.01593826	0.00127113	0.01302332	0.04899838	0.02188022	0.01999239	0.01096631
0.96812001	235.97087000	18.35861700	2.21852800	1.13328400	1.26018140	0.06879533	0.06390101	0.06474660	-0.99143887	-0.01592742	0.00127785	0.01300511	0.03931677	0.01806805	0.01715738	0.01093775
0.97874656	238.56100000	18.38691700	2.21863470	1.13323860	1.25977870	0.06875729	0.06386524	0.06471762	-0.99147288	-0.01592929	0.00128466	0.01299164	0.02958962	0.01423182	0.01431473	0.01091521
0.98937326	241.15117000	18.41516600	2.21881520	1.13318400	1.25947240	0.06873109	0.06384070	0.06470163	-0.99150036	-0.01594763	0.00129176	0.01298289	0.01981982	0.01037364	0.01146047	0.01089823
1.00000000	243.74135000	18.44337900	2.21906630	1.13312040	1.25927010	0.06871732	0.06382731	0.06469711	-0.99152094	-0.01597893	0.00129902	0.01297873	0.01000949	0.00649760	0.00859102	0.01088710
1.01062670	246.33152000	18.47157100	2.21938340	1.13304790	1.25918160	0.06871524	0.06382500	0.06470247	-0.99153352	-0.01601720	0.00130610	0.01297888	0.00016402	0.00260580	0.00570265	0.01088288
1.02125340	248.92169000	18.49976300	2.21976170	1.13296650	1.25921390	0.06872390	0.06383370	0.06471674	-0.99153694	-0.01605948	0.00131289	0.01298306	-0.00970544	-0.00130275	0.00279138	0.01088657
1.03188000	251.51182000	18.52797400	2.22019570	1.13287640	1.25936670	0.06874393	0.06385342	0.06474039	-0.99153085	-0.01610505	0.00131967	0.01299138	-0.01958303	-0.00522942	-0.00014658	0.01089847
1.04250620	254.10187000	18.55622500	2.22068020	1.13277760	1.25963520	0.06877676	0.06388423	0.06477471	-0.99151565	-0.01615085	0.00132678	0.01300413	-0.02945023	-0.00917255	-0.00311410	0.01091819
1.05313190	256.69178000	18.58453600	2.22121170	1.13266950	1.26001520	0.06882326	0.06392616	0.06482003	-0.99149243	-0.01619166	0.00133405	0.01302145	-0.03928951	-0.01312707	-0.00611277	0.01094466
1.06375670	259.28148000	18.61292000	2.22178950	1.13255130	1.26050470	0.06888262	0.06397931	0.06487521	-0.99146220	-0.01622228	0.00134097	0.01304322	-0.04908768	-0.01708885	-0.00914273	0.01097693
1.07438020	261.87086000	18.64139100	2.22241530	1.13242200	1.26110120	0.06895453	0.06404381	0.06493957	-0.99142539	-0.01623742	0.00134742	0.01306953	-0.05883475	-0.02105643	-0.01220279	0.01101466
1.08500190	264.45983000	18.66996200	2.22309220	1.13228090	1.26180080	0.06903890	0.06411975	0.06501353	-0.99138169	-0.01623016	0.00135358	0.01310058	-0.06852193	-0.02502777	-0.01529159	0.01105815
1.09562140	267.04825000	18.69864900	2.22382330	1.13212840	1.26260050	0.06913509	0.06420724	0.06509833	-0.99133045	-0.01619398	0.00135974	0.01313648	-0.07814128	-0.02900066	-0.01840926	0.01110811
1.10623810	269.63597000	18.72746500	2.22460970	1.13196540	1.26349890	0.06924234	0.06430638	0.06519491	-0.99127105	-0.01612554	0.00136636	0.01317725	-0.08768344	-0.03297458	-0.02155792	0.01116510
1.11685130	272.22284000	18.75643000	2.22545100	1.13179370	1.26449290	0.06936122	0.06441732	0.06530374	-0.99120317	-0.01602720	0.00137380	0.01322289	-0.09713642	-0.03695133	-0.02474115	0.01122947
1.12746030	274.80869000	18.78555900	2.22634700	1.13161520	1.26557590	0.06949351	0.06454018	0.06542468	-0.99112665	-0.01590694	0.00138212	0.01327345	-0.10648590	-0.04093288	-0.02796286	0.01130134
1.13806430	277.39332000	18.81487000	2.22729790	1.13143150	1.26674020	0.06964062	0.06467508	0.06555692	-0.99104141	-0.01577567	0.00139122	0.01332894	-0.11571757	-0.04491861	-0.03122602	0.01138077
1.14866250	279.97654000	18.84437900	2.22830410	1.13124360	1.26798060	0.06980301	0.06482204	0.06570142	-0.99094721	-0.01564085	0.00140120	0.01338958	-0.12481832	-0.04890448	-0.03453200	0.01146792
1.15925400	282.55812000	18.87410600	2.22936580	1.13105130	1.26929650	0.06997999	0.06498113	0.06585878	-0.99084376	-0.01550423	0.00141223	0.01345545	-0.13377709	-0.05288592	-0.03788085	0.01156305
1.16983780	285.13784000	18.90406700	2.23048150	1.13085410	1.27069020	0.07017080	0.06515241	0.06602789	-0.99073090	-0.01536433	0.00142428	0.01352644	-0.14258530	-0.05686067	-0.04127197	0.01166629
1.18041300	287.71546000	18.93427900	2.23164720	1.13065100	1.27216350	0.07037580	0.06533595	0.06620738	-0.99060905	-0.01521919	0.00143713	0.01360257	-0.15123487	-0.06082755	-0.04470548	0.01177726
1.19097860	290.29072000	18.96476000	2.23285840	1.13044100	1.27371900	0.07059471	0.06553195	0.06639550	-0.99047860	-0.01506749	0.00145055	0.01368381	-0.15971835	-0.06478515	-0.04818277	0.01189562
1.20153340	292.86338000	18.99552300	2.23410790	1.13022360	1.27536110	0.07082591	0.06574063	0.06659231	-0.99033926	-0.01491088	0.00146449	0.01377012	-0.16802957	-0.06873300	-0.05170623	0.01202175
1.21207640	295.43314000	19.02658700	2.23538700	1.12999890	1.27709360	0.07106971	0.06596221	0.06679986	-0.99019076	-0.01475649	0.00147894	0.01386183	-0.17615796	-0.07267151	-0.05527854	0.01215600
1.22260650	297.99974000	19.05796800	2.23668760	1.12976770	1.27892010	0.07132684	0.06619692	0.06701995	-0.99003345	-0.01461511	0.00149378	0.01395929	-0.18409069	-0.07660097	-0.05890138	0.01229806
1.23312230	300.56289000	19.08967900	2.23800340	1.12953110	1.28084060	0.07159753	0.06644501	0.06725386	-0.98986791	-0.01449759	0.00150904	0.01406270	-0.19181797	-0.08052241	-0.06257461	0.01244742
1.24362280	303.12229000	19.12173600	2.23933060	1.12929020	1.28285170	0.07188200	0.06670677	0.06750271	-0.98969453	-0.01441045	0.00152495	0.01417227	-0.19933470	-0.08443573	-0.06629641	0.01260370
1.25410670	305.67765000	19.15415000	2.24066780	1.12904620	1.28494850	0.07218098	0.06698245	0.06776797	-0.98951330	-0.01435193	0.00154170	0.01428836	-0.20663722	-0.08833772	-0.07006377	0.01276698
1.26457270	308.22865000	19.18693400	2.24201660	1.12880000	1.28712870	0.07249465	0.06727219	0.06805018	-0.98932407	-0.01431212	0.00155921	0.01441121	-0.21372254	-0.09222326	-0.07387296	0.01293754
1.27501960	310.77499000	19.22010200	2.24338170	1.12855240	1.28939280	0.07282247	0.06757618	0.06834825	-0.98912668	-0.01427976	0.00157728	0.01454083	-0.22058940	-0.09609007	-0.07771977	0.01311560
1.28544600	313.31635000	19.25366800	2.24476820	1.12830420	1.29173980	0.07316578	0.06789468	0.06866043	-0.98892132	-0.01424705	0.00159589	0.01467738	-0.22724165	-0.09993940	-0.08160037	0.01330119
1.29585070	315.85240000	19.28764400	2.24617870	1.12805710	1.29416710	0.07352641	0.06822809	0.06898633	-0.98870817	-0.01420519	0.00161512	0.01482119	-0.23368674	-0.10377267	-0.08551240	0.01349429
1.30623240	318.38284000	19.32204200	2.24761330	1.12781280	1.29667230	0.07390460	0.06857684	0.06932576	-0.98848754	-0.01414293	0.00163488	0.01497230	-0.23993180	-0.10759029	-0.08945518	0.01369476
1.31658970	320.90733000	19.35687500	2.24907030	1.12757340	1.29925260	0.07430084	0.06894124	0.06967865	-0.98825985	-0.01405312	0.00165521	0.01513077	-0.24598233	-0.11139131	-0.09342888	0.01390227
1.32692120	323.42556000	19.39215200	2.25054770	1.12734060	1.30190470	0.07471624	0.06932135	0.07004449	-0.98802526	-0.01393665	0.00167617	0.01529686	-0.25184403	-0.11517298	-0.09743304	0.01411677
1.33722570	325.93719000	19.42788600	2.25204230	1.12711570	1.30462530	0.07515050	0.06971729	0.07042258	-0.98778342	-0.01380009	0.00169726	0.01547067	-0.25752459	-0.11893197	-0.10146512	0.01433870
1.34750180	328.44190000	19.46408600	2.25354890	1.12690030	1.30740980	0.07560324	0.07012948	0.07081558	-0.98753340	-0.01365054	0.00171764	0.01565261	-0.26303197	-0.12266625	-0.10552062	0.01456903
1.35774820	330.93937000	19.50076900	2.25506080	1.12669580	1.31025100	0.07607618	0.07055842	0.07122847	-0.98727424	-0.01349326	0.00173670	0.01584363	-0.26836897	-0.12637226	-0.10959435	0.01480877
1.36796350	333.42926000	19.53795000	2.25657280	1.12650280	1.31314360	0.07657176	0.07100453	0.07166292	-0.98700549	-0.01333086	0.00175391	0.01604441	-0.27353388	-0.13004306	-0.11368099	0.01505833
1.37814640	335.91126000	19.57564400	2.25808260	1.12632110	1.31608770	0.07709177	0.07146816	0.07211860	-0.98672706	-0.01316184	0.00176860	0.01625538	-0.27852606	-0.13366831	-0.11777509	0.01531778
1.38829560	338.38503000	19.61386800	2.25958950	1.12614920	1.31909150	0.07763590	0.07194948	0.07259423	-0.98643885	-0.01298087	0.00178018	0.01647665	-0.28334862	-0.13723643	-0.12187090	0.01558718
1.39840970	340.85025000	19.65263600	2.26109270	1.12598500	1.32217010	0.07820164	0.07244844	0.07308824	-0.98614096	-0.01278074	0.00178867	0.01670797	-0.28800955	-0.14074022	-0.12596265	0.01586631
1.40848740	343.30661000	19.69196100	2.26258940	1.12582610	1.32533910	0.07878657	0.07296507	0.07359954	-0.98583401	-0.01255329	0.00179480	0.01694911	-0.29252064	-0.14417924	-0.13004573	0.01615448
1.41852750	345.75379000	19.73185500	2.26407620	1.12567050	1.32860900	0.07939045	0.07349945	0.07412887	-0.98551854	-0.01229069	0.00179971	0.01720034	-0.29689322	-0.14755830	-0.13411775	0.01645099
1.42852850	348.19147000	19.77232700	2.26555290	1.12551590	1.33198310	0.08001599	0.07405170	0.07467691	-0.98519464	-0.01198681	0.00180464	0.01746232	-0.30113879	-0.15088267	-0.13817782	0.01675567
1.43848930	350.61933000	19.81338500	2.26702270	1.12536050	1.33546000	0.08066539	0.07462209	0.07524382	-0.98486190	-0.01163921	0.00181076	0.01773560	-0.30527093	-0.15415625	-0.14222508	0.01706888
1.44840860	353.03707000	19.85504000	2.26849100	1.12520200	1.33903480	0.08133808	0.07521095	0.07582733	-0.98452034	-0.01125125	0.00181906	0.01802001	-0.30930559	-0.15738189	-0.14625818	0.01739062
1.45828510	355.44437000	19.89730000	2.26996240	1.12503800	1.34269880	0.08203362	0.07581860	0.07642522	-0.98417037	-0.01083175	0.00183001	0.01831543	-0.31326423	-0.16056221	-0.15027593	0.01772051
1.46811750	357.84093000	19.94017100	2.27143960	1.12486610	1.34644100	0.08275404	0.07644549	0.07703707	-0.98381228	-0.01039378	0.00184320	0.01862238	-0.31717182	-0.16369738	-0.15427868	0.01805833
1.47790460	360.22644000	19.98366000	2.27292380	1.12468360	1.35025120	0.08350126	0.07709214	0.07766432	-0.98344584	-0.00995407	0.00185770	0.01894163	-0.32105177	-0.16678511	-0.15826813	0.01840430
1.48764510	362.60062000	20.02777400	2.27441620	1.12448720	1.35412300	0.08427703	0.07775904	0.07830828	-0.98307035	-0.00953162	0.00187259	0.01927405	-0.32492445	-0.16982162	-0.16224547	0.01875918
1.49733790	364.96315000	20.07252100	2.27592000	1.12427380	1.35805280	0.08508005	0.07844672	0.07897073	-0.98268517	-0.00914609	0.00188689	0.01962016	-0.32880972	-0.17280216	-0.16620959	0.01912354
1.50698170	367.31374000	20.11791100	2.27744040	1.12403990	1.36203860	0.08590684	0.07915577	0.07965398	-0.98228996	-0.00881286	0.00189976	0.01998023	-0.33272931	-0.17572101	-0.17015671	0.01949773
1.51657530	369.65210000	20.16395000	2.27898420	1.12378230	1.36607730	0.08675695	0.07988695	0.08036001	-0.98188453	-0.00853868	0.00191119	0.02035498	-0.33671226	-0.17857160	-0.17408095	0.01988192
1.52611750	371.97794000	20.21064900	2.28055850	1.12349850	1.37016540	0.08763242	0.08064117	0.08109038	-0.98146877	-0.00831885	0.00192166	0.02074546	-0.34079521	-0.18134587	-0.17797415	0.02027624
1.53560730	374.29098000	20.25801400	2.28216930	1.12318590	1.37430090	0.08853525	0.08141938	0.08184702	-0.98104231	-0.00813650	0.00193103	0.02115268	-0.34501829	-0.18403269	-0.18182535	0.02068110
1.54504330	376.59093000	20.30605500	2.28382290	1.12284210	1.37848470	0.08946768	0.08222247	0.08263054	-0.98060458	-0.00796591	0.00193822	0.02157757	-0.34942004	-0.18661888	-0.18562075	0.02109717
1.55442440	378.87750000	20.35478200	2.28552720	1.12246460	1.38272080	0.09043131	0.08305133	0.08343999	-0.98015418	-0.00778503	0.00194266	0.02202078	-0.35403718	-0.18909158	-0.18934421	0.02152589
1.56374950	381.15042000	20.40421000	2.28729130	1.12205040	1.38701430	0.09142638	0.08390683	0.08427632	-0.97968876	-0.00758551	0.00194479	0.02248313	-0.35890424	-0.19144002	-0.19297763	0.02196968
1.57301750	383.40941000	20.45435600	2.28912520	1.12159630	1.39136970	0.09245248	0.08478998	0.08514415	-0.97920598	-0.00736840	0.00194516	0.02296581	-0.36405111	-0.19365694	-0.19650161	0.02243084
1.58222720	385.65419000	20.50524200	2.29104040	1.12109840	1.39578730	0.09351088	0.08570190	0.08604617	-0.97870510	-0.00713822	0.00194388	0.02346984	-0.36950572	-0.19573770	-0.19989633	0.02291021
1.59137750	387.88449000	20.55688900	2.29305090	1.12055160	1.40026380	0.09460327	0.08664388	0.08698105	-0.97818676	-0.00690294	0.00194096	0.02399596	-0.37530209	-0.19767851	-0.20314135	0.02340708
1.60046730	390.10004000	20.60931400	2.29517220	1.11994940	1.40479250	0.09573031	0.08761717	0.08794704	-0.97765168	-0.00667106	0.00193639	0.02454496	-0.38148087	-0.19947522	-0.20621417	0.02392072
1.60949540	392.30057000	20.66253200	2.29742200	1.11928400	1.40936360	0.09689257	0.08862275	0.08894271	-0.97709962	-0.00644880	0.00193072	0.02511774	-0.38808882	-0.20112350	-0.20908961	0.02445130
1.61846070	394.48579000	20.71655900	2.29981870	1.11854740	1.41396470	0.09809294	0.08966152	0.08997078	-0.97652918	-0.00624224	0.00192455	0.02571615	-0.39517700	-0.20261833	-0.21174012	0.02500013
1.62736220	396.65545000	20.77141400	2.30238190	1.11773090	1.41858230	0.09933403	0.09073437	0.09103648	-0.97593812	-0.00606144	0.00191848	0.02634236	-0.40279327	-0.20395376	-0.21413723	0.02556938
1.63619870	398.80928000	20.82711800	2.30513440	1.11682530	1.42320290	0.10061764	0.09184249	0.09214286	-0.97532414	-0.00591930	0.00191266	0.02699816	-0.41098403	-0.20512496	-0.21625235	0.02616130
1.64496920	400.94700000	20.88369800	2.30810130	1.11582060	1.42781130	0.10194740	0.09298761	0.09329161	-0.97468521	-0.00582534	0.00190662	0.02768551	-0.41979707	-0.20612898	-0.21805792	0.02677793
1.65367240	403.06835000	20.94118000	2.31131020	1.11470540	1.43239190	0.10332720	0.09417191	0.09448283	-0.97401935	-0.00577985	0.00189981	0.02840627	-0.42928373	-0.20696212	-0.21952686	0.02742126
1.66230750	405.17306000	20.99959500	2.31478860	1.11346670	1.43693080	0.10475944	0.09539785	0.09571794	-0.97332381	-0.00577465	0.00189228	0.02916257	-0.43949554	-0.20761648	-0.22063026	0.02809403
1.67087310	407.26086000	21.05897900	2.31856490	1.11208950	1.44141940	0.10624357	0.09666822	0.09700186	-0.97259494	-0.00579822	0.00188443	0.02995688	-0.45047886	-0.20808070	-0.22133519	0.02879995
1.67936830	409.33148000	21.11937400	2.32266860	1.11055720	1.44585450	0.10777798	0.09798609	0.09833883	-0.97182931	-0.00583691	0.00187692	0.03079148	-0.46227388	-0.20834367	-0.22160478	0.02954238
1.68779180	411.38465000	21.18082400	2.32713070	1.10885150	1.45023500	0.10936271	0.09935470	0.09972977	-0.97102413	-0.00587349	0.00187024	0.03166844	-0.47492102	-0.20839645	-0.22140037	0.03032408
1.69614270	413.42009000	21.24337700	2.33198270	1.10695260	1.45455920	0.11099810	0.10077721	0.10117867	-0.97017642	-0.00588799	0.00186413	0.03259062	-0.48846024	-0.20823269	-0.22068321	0.03114797
1.70441970	415.43754000	21.30708400	2.33725850	1.10483940	1.45882410	0.11268470	0.10225680	0.10268986	-0.96928241	-0.00586496	0.00185777	0.03356109	-0.50292799	-0.20784583	-0.21941441	0.03201769
1.71262170	417.43672000	21.37200300	2.34299640	1.10248920	1.46302530	0.11442121	0.10379691	0.10426683	-0.96833724	-0.00580006	0.00185078	0.03458249	-0.51835807	-0.20722764	-0.21755473	0.03293804
1.72074770	419.41735000	21.43819700	2.34923870	1.09987780	1.46715650	0.11620594	0.10540117	0.10591335	-0.96733492	-0.00569562	0.00184344	0.03565763	-0.53478162	-0.20637222	-0.21506486	0.03391494
1.72879630	421.37915000	21.50574000	2.35602950	1.09697970	1.47120640	0.11804117	0.10707326	0.10763576	-0.96626801	-0.00555678	0.00183628	0.03679087	-0.55222436	-0.20527563	-0.21190598	0.03495578
1.73676660	423.32183000	21.57471500	2.36341500	1.09376740	1.47515780	0.11993019	0.10881709	0.10944388	-0.96512801	-0.00539382	0.00182959	0.03798777	-0.57069793	-0.20393179	-0.20803983	0.03606902
1.74465730	425.24512000	21.64521900	2.37144450	1.09021190	1.47899170	0.12187248	0.11063693	0.11134447	-0.96390606	-0.00521918	0.00182384	0.03925283	-0.59019726	-0.20233397	-0.20342728	0.03726349
1.75246720	427.14872000	21.71736000	2.38017070	1.08628180	1.48268590	0.12386757	0.11253707	0.11334480	-0.96259230	-0.00503855	0.00181948	0.04059092	-0.61070349	-0.20047731	-0.19802839	0.03854907
1.76019520	429.03234000	21.79126000	2.38964810	1.08194380	1.48621490	0.12591635	0.11452192	0.11545530	-0.96117480	-0.00485054	0.00181617	0.04200805	-0.63217862	-0.19836068	-0.19180581	0.03993767
1.76783990	430.89568000	21.86705800	2.39993410	1.07716190	1.48955010	0.12802111	0.11659624	0.11768567	-0.95963984	-0.00465447	0.00181311	0.04351074	-0.65455781	-0.19598660	-0.18472954	0.04144308
1.77540020	432.73844000	21.94491100	2.41108960	1.07189670	1.49266280	0.13018301	0.11876501	0.12004087	-0.95797295	-0.00445405	0.00180999	0.04510489	-0.67775021	-0.19336015	-0.17678009	0.04307990
1.78287480	434.56030000	22.02499600	2.42317630	1.06610550	1.49552560	0.13240052	0.12103314	0.12252517	-0.95615861	-0.00425798	0.00180652	0.04679609	-0.70164248	-0.19049323	-0.16795032	0.04486382
1.79026240	436.36096000	22.10750600	2.43625460	1.05974240	1.49811200	0.13467091	0.12340534	0.12514577	-0.95417823	-0.00407639	0.00180189	0.04859066	-0.72609368	-0.18740558	-0.15824707	0.04681366
1.79756170	438.14011000	22.19266300	2.45038170	1.05275830	1.50039570	0.13698989	0.12588606	0.12791540	-0.95200853	-0.00391855	0.00179540	0.05049622	-0.75092378	-0.18411886	-0.14769207	0.04895278
1.80477140	439.89740000	22.28071900	2.46561120	1.04510110	1.50235010	0.13935162	0.12847942	0.13084560	-0.94962190	-0.00379665	0.00178717	0.05252028	-0.77590056	-0.18065736	-0.13632201	0.05130902
1.81189000	441.63252000	22.37196300	2.48199300	1.03671650	1.50394720	0.14175180	0.13118908	0.13394604	-0.94698645	-0.00372910	0.00177787	0.05467060	-0.80073406	-0.17705227	-0.12418931	0.05391434
1.81891630	443.34512000	22.46672300	2.49957120	1.02754780	1.50515420	0.14418618	0.13401817	0.13723025	-0.94406575	-0.00373650	0.00176810	0.05695601	-0.82507023	-0.17333971	-0.11136476	0.05680524
1.82584880	445.03485000	22.56537200	2.51838450	1.01753570	1.50593300	0.14664800	0.13696887	0.14071308	-0.94081863	-0.00383059	0.00175804	0.05938542	-0.84848049	-0.16956056	-0.09794010	0.06002287
1.83268610	446.70137000	22.66833100	2.53846690	1.00661840	1.50623710	0.14912963	0.14004201	0.14440393	-0.93719907	-0.00401050	0.00174733	0.06196633	-0.87046098	-0.16575999	-0.08402886	0.06361330
1.83942650	448.34430000	22.77607200	2.55984420	0.99473102	1.50601180	0.15162580	0.14323666	0.14830787	-0.93315442	-0.00426838	0.00173552	0.06470592	-0.89043380	-0.16198228	-0.06976669	0.06762927
1.84606870	449.96327000	22.88912800	2.58252860	0.98180612	1.50519750	0.15412970	0.14654995	0.15242821	-0.92862294	-0.00459537	0.00172273	0.06761058	-0.90774134	-0.15826801	-0.05531177	0.07213262
1.85261110	451.55791000	23.00810000	2.60651250	0.96777388	1.50373150	0.15663045	0.14997649	0.15676836	-0.92353260	-0.00498422	0.00170952	0.07068515	-0.92163915	-0.15465722	-0.04084545	0.07719556
1.85905190	453.12782000	23.13366700	2.63176210	0.95256283	1.50154500	0.15911571	0.15350808	0.16133282	-0.91780083	-0.00542834	0.00169620	0.07393388	-0.93129026	-0.15119023	-0.02657138	0.08290079
1.86538970	454.67258000	23.26659000	2.65821360	0.93610044	1.49856340	0.16157353	0.15713348	0.16612499	-0.91133328	-0.00591926	0.00168268	0.07736018	-0.93576236	-0.14790502	-0.01271265	0.08934284
1.87162260	456.19180000	23.40772600	2.68576860	0.91831402	1.49470370	0.16398891	0.16083817	0.17114219	-0.90402141	-0.00644461	0.00166880	0.08096390	-0.93403377	-0.14483183	0.00049261	0.09663031
1.87774890	457.68503000	23.55803600	2.71428730	0.89913196	1.48987530	0.16634207	0.16460368	0.17637664	-0.89573943	-0.00698855	0.00165418	0.08474026	-0.92500669	-0.14199101	0.01279695	0.10488908
1.88376670	459.15184000	23.71859800	2.74357770	0.87848532	1.48397490	0.16861199	0.16840701	0.18182047	-0.88634151	-0.00753670	0.00163783	0.08868193	-0.90752055	-0.13938873	0.02395122	0.11426507
1.88967440	460.59177000	23.89061900	2.77338560	0.85630966	1.47688690	0.17077574	0.17222036	0.18746429	-0.87565850	-0.00807913	0.00161852	0.09277814	-0.88036924	-0.13701356	0.03371438	0.12492738
1.89546980	462.00435000	24.07545100	2.80338320	0.83254698	1.46848190	0.17280739	0.17601066	0.19329338	-0.86349474	-0.00860933	0.00159541	0.09701243	-0.84233961	-0.13483367	0.04186566	0.13707174
1.90115100	463.38910000	24.27460800	2.83315350	0.80714828	1.45861330	0.17467840	0.17973891	0.19929038	-0.84962452	-0.00912143	0.00156795	0.10136299	-0.79226990	-0.13279301	0.04821783	0.15092366
1.90671590	464.74551000	24.48977400	2.86217160	0.78007636	1.44712080	0.17635728	0.18335976	0.20543849	-0.83378883	-0.00961161	0.00153573	0.10580311	-0.72912225	-0.13081077	0.05263210	0.16674215
1.91216250	466.07306000	24.72282100	2.88978340	0.75130888	1.43382970	0.17780838	0.18682080	0.21171967	-0.81569344	-0.01007888	0.00149851	0.11029952	-0.65208118	-0.12878182	0.05503354	0.18482126
1.91748840	467.37121000	24.97581300	2.91518210	0.72084160	1.41855340	0.17899159	0.19006141	0.21811324	-0.79500860	-0.01052096	0.00145609	0.11481112	-0.56069008	-0.12657868	0.05542616	0.20549086
1.92269140	468.63940000	25.25100200	2.93737860	0.68869215	1.40109370	0.17986147	0.19301137	0.22459614	-0.77137098	-0.01092990	0.00140781	0.11928773	-0.45502494	-0.12405438	0.05390474	0.22911406
1.92776920	469.87706000	25.55082100	2.95517290	0.65490413	1.38124700	0.18036738	0.19558920	0.23114328	-0.74439028	-0.01129107	0.00135262	0.12366886	-0.33590398	-0.12104825	0.05066028	0.25608135
1.93271920	471.08358000	25.87783900	2.96712140	0.61955082	1.35880680	0.18045249	0.19770022	0.23772460	-0.71366442	-0.01158452	0.00128977	0.12788087	-0.20513620	-0.11739167	0.04597705	0.28679452
1.93753890	472.25834000	26.23470700	2.97150680	0.58273835	1.33357020	0.18005295	0.19923406	0.24430202	-0.67880593	-0.01178753	0.00121934	0.13183434	-0.06579634	-0.11291863	0.04022032	0.32164096
1.94222560	473.40069000	26.62404200	2.96630890	0.54460811	1.30534480	0.17909610	0.20006177	0.25083598	-0.63948140	-0.01187759	0.00114208	0.13542606	0.07751750	-0.10748159	0.03381373	0.36095375
1.94677660	474.50995000	27.04827800	2.94918760	0.50533825	1.27395090	0.17750012	0.20003328	0.25730351	-0.59546817	-0.01183391	0.00105893	0.13854845	0.21852457	-0.10097113	0.02720607	0.40495635
1.95118900	475.58542000	27.50944400	2.91748850	0.46514392	1.23921610	0.17517839	0.19897631	0.26373145	-0.54672878	-0.01163795	0.00097075	0.14111252	0.34931069	-0.09333611	0.02083042	0.45368584
1.95545970	476.62637000	28.00888300	2.86829460	0.42427619	1.20096720	0.17204729	0.19669790	0.27024919	-0.49350085	-0.01127436	0.00087814	0.14308756	0.46073296	-0.08460444	0.01506103	0.50690506
1.95958560	477.63204000	28.54691300	2.79854460	0.38301995	1.15901260	0.16804163	0.19298995	0.27715822	-0.43639161	-0.01073272	0.00078153	0.14456073	0.54331964	-0.07490200	0.01017446	0.56400674
1.96356350	478.60162000	29.12245700	2.70524530	0.34169227	1.11311250	0.16314593	0.18764052	0.28499412	-0.37645894	-0.01000883	0.00068153	0.14580700	0.58873608	-0.06446534	0.00632277	0.62393165
1.96739000	479.53427000	29.73269500	2.58579750	0.30064205	1.06295260	0.15745302	0.18045227	0.29453317	-0.31524840	-0.00910643	0.00057925	0.14734771	0.59171150	-0.05364266	0.00352529	0.68513486
1.97106130	480.42914000	30.37280800	2.43843030	0.26025252	1.00810890	0.15125628	0.17126871	0.30665403	-0.25475480	-0.00804146	0.00047671	0.14994128	0.55203400	-0.04287431	0.00168273	0.74562278
1.97457390	481.28531000	31.03590000	2.26271320	0.22094665	0.94803609	0.14518246	0.16000703	0.32201646	-0.19727768	-0.00684814	0.00037694	0.15445946	0.47591232	-0.03265224	0.00061146	0.80309528
1.97792380	482.10182000	31.71317500	2.06005270	0.18319403	0.88208527	0.14033050	0.14669412	0.34061686	-0.14516336	-0.00558300	0.00028382	0.16161580	0.37585820	-0.02345941	0.00008996	0.85520752
1.98110690	482.87767000	32.39441000	1.83403820	0.14751556	0.80956707	0.13830699	0.13149923	0.36145328	-0.10045716	-0.00432217	0.00020137	0.17161591	0.26849133	-0.01569671	-0.00009466	0.89991060
1.98411890	483.61181000	33.06869200	1.59046140	0.11448070	0.72986492	0.14094804	0.11475394	0.38256342	-0.06453813	-0.00314940	0.00013291	0.18390877	0.17048683	-0.00961388	-0.00011201	0.93582589
1.98695520	484.30314000	33.72531300	1.33687280	0.08469149	0.64258977	0.14962954	0.09694823	0.40153029	-0.03783868	-0.00213793	0.00008023	0.19726629	0.09397851	-0.00526149	-0.00007305	0.96252256
1.98961120	484.95050000	34.35463000	1.08165060	0.05874909	0.54773676	0.16457893	0.07869263	0.41631708	-0.01976138	-0.00133373	0.00004323	0.21031470	0.04349744	-0.00248220	-0.00003368	0.98060057
1.99208170	485.55267000	34.94867700	0.83277741	0.03720100	0.44583627	0.18481869	0.06064172	0.42604615	-0.00884833	-0.00074794	0.00001998	0.22228071	0.01606082	-0.00095257	-0.00001094	0.99151442
1.99436160	486.10837000	35.50141200	0.59671638	0.02047170	0.33803196	0.20877776	0.04339091	0.43138647	-0.00316764	-0.00036116	0.00000737	0.23354472	0.00431833	-0.00026767	-0.00000223	0.99719790
1.99644520	486.61624000	36.00855600	0.37783046	0.00878442	0.22611408	0.23493600	0.02738460	0.43412052	-0.00077486	-0.00013561	0.00000185	0.24543198	0.00068891	-0.00004389	-0.00000021	0.99958245
1.99832670	487.07485000	36.46717300	0.17853694	0.00208730	0.11245154	0.26231178	0.01288326	0.43640257	-0.00007809	-0.00002829	0.00000019	0.25971130	0.00003345	-0.00000209	-0.00000000	1.00029170
2.00000000	487.48269000	36.87515600	0.00449546	0.00000000	0.00000000	0.28965257	0.00000000	0.43937866	0.00000000	0.00000000	0.00000000	0.27695437	0.00000000	0.00000000	0.00000000	1.00029910